Day	Cyclopoids	Calanoid_copepods	Rotifers	Protozoa	Nanophytoplankton	Picophytoplankton	Filamentous_diatoms	Ostracods	Harpacticoids 	Bacteria	nitrite	nitrate	ammonium	nitrogen	phosphorus	
6	0	2.0261	10.191	NaN	0.2119	2.0046	0	0	0	1.9665	NaN	NaN	NaN	NaN	NaN
13	0	0.26384	1.8005	NaN	0.1568	0.98586	0	0.00468	0	1.07	NaN	NaN	NaN	NaN	NaN
19	0.01268	0.22716	0.12611	NaN	0.49997	0.031493	0	0.0007905	0	0.681	NaN	NaN	NaN	NaN	NaN
26	0.00828	0.13398	0.015731	NaN	7.8811	0.031005	0	0.0063972	0	0.628	NaN	NaN	NaN	NaN	NaN
33	0.01875	0.14753	9.6909	NaN	15.875	0.014693	0	0.024939	0	0.716	NaN	NaN	NaN	NaN	NaN
40	0.01704	0.30617	6.6111	NaN	0.0616	0.02099	0	0.000372	0	1.021	NaN	NaN	NaN	NaN	NaN
48	0	0.29624	0.00186	NaN	0.49256	0.031493	0	0.003306	0	1.228	NaN	NaN	NaN	NaN	NaN
54	0.00484	0.6267	0.0050827	NaN	0.94336	0.031004	0	0	0	2.145	NaN	NaN	NaN	NaN	NaN
61	0	3.5531	0.13557	NaN	7.9505	0.022489	0	0.01872	0	0.986	NaN	NaN	NaN	NaN	NaN
68	0	13.967	1.2826	NaN	0.015624	0.04956	0	0	0	1.591	NaN	NaN	NaN	NaN	NaN
75	0	1.4317	0.64549	NaN	0.049558	0.24707	0	0	0	1.877	17.59	0	3.25	20.84	27.6
83	0.034426	0.060679	0.28134	NaN	0.031249	0.24628	0	0.0012834	0	0.909	5.36	4.44	1.35	11.15	28
90	0.085907	0.02948	0.43825	NaN	1.9765	0.18891	0	0	0	0.45	5.23	6.02	4.25	15.5	46.5
96	0.40362	0.19351	0.1969	NaN	5.3748	0.11035	0	0.012176	0	0.959	5	0.42	0.5	5.92	22
103	0.080848	0.59697	0.020856	NaN	11.016	0.49233	0	0	0	1.133	1.98	2.94	4.65	9.57	36
111	0.00040678	1.7558	0.049564	NaN	7.0936	0.66119	0	0	0	1.15	5.3	1.22	4.15	10.67	27
118	0.11246	5.1156	0.04092	NaN	6.8124	0.9453	0	0	0	1.574	10.27	1.64	3.15	15.06	22.5
125	0.23725	7.9372	0.002046	NaN	0.12451	0.015517	0	0.064548	0	1.462	4.93	3.35	5.1	13.38	24
133	0.14004	1.3103	0.003069	NaN	0.061768	0.10254	0	0.010269	0	1.462	11.43	3.27	4.65	19.35	25
140	0.078755	0.39937	0.002046	NaN	0.4576	0.56689	0	0	0	0.917	18.73	0	2.6	21.33	4.5
146	0.18084	0.35545	0	NaN	0.39552	1.6392	0	0.0008928	0	0.784	5.25	0.89	4.9	11.04	17.6
153	0.10269	0.14019	0	NaN	0.096	3.3659	0	0.0048474	0	0.503	4.45	3.65	9.1	17.2	17.2
160	0.037796	0.1339	0.00279	NaN	0.035824	2.4164	0	0.0004464	0	0.623	3.32	7.56	3.1	13.98	26
9	0.03528	1.7101	5.9374	NaN	0.2119	1.9765	0	0	0	1.432	NaN	NaN	NaN	NaN	NaN
16	0.014406	0.20033	0.42966	NaN	0.10254	0.062985	0	0.002964	0	0.719	NaN	NaN	NaN	NaN	NaN
22	0.00924	0.15752	0.009372	NaN	1.9765	0.031127	0	0.028607	0	0.568	NaN	NaN	NaN	NaN	NaN
30	0.06468	0.04416	0.11149	NaN	9.592	0.016845	0	0.02652	0	0.994	NaN	NaN	NaN	NaN	NaN
37	0.013056	0.16821	15.764	NaN	0.49477	0.010495	0	0.0039672	0	1.159	NaN	NaN	NaN	NaN	NaN
44	0.00305	0.17094	0.075825	NaN	0.35451	0.052483	0	0.0025742	0	0.6475	NaN	NaN	NaN	NaN	NaN
51	0	0.58197	0.005115	NaN	0.49414	0.028563	0	0	0	2.011	NaN	NaN	NaN	NaN	NaN
57	0.00484	1.3256	0.009599	NaN	1.9921	0.025488	0	0.016137	0	1.855	NaN	NaN	NaN	NaN	NaN
65	0	9.6097	1.6745	NaN	3.9391	0.04198	0	0	0	0.942	NaN	NaN	NaN	NaN	NaN
71	0	5.9589	1.1077	NaN	0.00024319	0.057345	0	0	0	2.309	NaN	NaN	NaN	NaN	NaN
79	0.0059151	0.17329	0.37997	NaN	0.075194	0.24707	0	0	0	1.531	NaN	NaN	NaN	NaN	NaN
86	0.21042	0.0095666	0.34329	NaN	0.33088	0.24707	0	0.0041076	0	0.679	NaN	NaN	NaN	NaN	NaN
93	0.58664	0.035382	0.42688	NaN	0.49875	0.49802	0	0.032274	0	0.991	NaN	NaN	NaN	NaN	NaN
99	0.24314	0.15048	0.03432	NaN	9.5745	0.27342	0	0	0	1.098	NaN	NaN	NaN	NaN	NaN
106	0.014782	0.88447	0.0629	NaN	12.528	0.66119	0	0.01467	0	0.995	NaN	NaN	NaN	NaN	NaN
115	0.00836	3.3363	0.0186	NaN	6.88	3.9778	0	0	0	3.14	NaN	NaN	NaN	NaN	NaN
121	0.13697	5.2996	0.02697	NaN	2.6874	0.67168	0	0.002046	0	1.479	NaN	NaN	NaN	NaN	NaN
128	0.45874	11.821	0.002046	NaN	0.0016	0.49701	0	0	0	1.445	NaN	NaN	NaN	NaN	NaN
135	0.09114	0.79257	0.004092	NaN	0.176	1.3794	0	0.004092	0	1.1895	NaN	NaN	NaN	NaN	NaN
142	0.054868	0.38862	0	NaN	0.07776	2.0172	0	0.0004464	0	0.8505	NaN	NaN	NaN	NaN	NaN
149	0.076028	0.34867	0	NaN	0.18304	0.5021	0	0	0	0.6435	NaN	NaN	NaN	NaN	NaN
156	0.004474	0.13345	0.0006696	NaN	0.089088	4.5576	0	0	0	0.563	NaN	NaN	NaN	NaN	NaN
163	0.034056	0.11555	0.02046	NaN	0.08208	2.4211	0	0.0002232	0	0.59	7	13	3.5	23.5	26.3
169	0.021758	0.25894	0.30188	NaN	0	3.784	0	0.0002232	0	0.469	NaN	NaN	NaN	NaN	NaN
176	0.05346	0.43532	0.5115	NaN	0	3.1705	0	0.0002232	0	0.554	NaN	NaN	NaN	NaN	NaN
184	0.057728	0.27174	0.11102	NaN	0.16192	7.1039	0	0	0	0.567	NaN	NaN	NaN	NaN	NaN
191	0.015378	0.69284	0.20194	NaN	0.3132	3.954	0	0.074043	0	0.536	NaN	NaN	NaN	NaN	NaN
198	0.001892	0.46838	0.50982	NaN	0.10512	3.2555	0	0.0079437	0	0.446	NaN	NaN	NaN	NaN	NaN
205	0	0.43899	0.24193	NaN	0.08776	0.065407	0	0.007488	0	0.358	NaN	NaN	NaN	NaN	NaN
212	0	0.30808	0.36452	NaN	0.0704	5.8425	0	0.014083	0	0.4185	NaN	NaN	NaN	NaN	NaN
219	0.007414	0.10098	0.4257	0.002	0.054641	0.23343	0	0.0009114	0	0.4055	NaN	NaN	NaN	NaN	NaN
226	0.003234	0.44365	0.20948	1.122	0.0098776	0.44216	0	0	0	0.632	NaN	NaN	NaN	NaN	NaN
233	0.002838	0.82292	0.15853	0.51115	0.096332	0.18282	0	0.0071883	0	0.66	NaN	NaN	NaN	NaN	NaN
240	0.001892	0.28873	0.039666	0.288	0.024576	1.3038	0	0	0	0.737	NaN	NaN	NaN	NaN	NaN
247	0	0.4221	0.041118	0.032	0.000672	0.024509	0	0.014377	0	0.809	NaN	NaN	NaN	NaN	NaN
253	0.000946	0.67678	0.13042	0.3175	0.019072	1.4434	0	0	0	0.769	NaN	NaN	NaN	NaN	NaN
260	0.013915	0.48427	0.1964	0.07425	0.20421	0.044406	0	0.0035942	0	0.793	NaN	NaN	NaN	NaN	NaN
268	0.00484	0.42754	0.087351	0.055	0.017842	0.010123	0	0.0036675	0	1.007	NaN	NaN	NaN	NaN	NaN
275	0	0.32521	0.13606	0.022	0.014624	0.24845	0	0.014377	0	1.258	NaN	NaN	NaN	NaN	NaN
281	0.000473	0.93466	0.026598	0.3666	0.14375	0.18561	0	0	0	1.349	NaN	NaN	NaN	NaN	NaN
288	0.002365	0.58044	0.004092	0.27	0.005408	0.23175	0	0.0004557	0	1.0605	NaN	NaN	NaN	NaN	NaN
296	0	0.5814	0.006138	0.0535	0.15754	1.6156	0	0.000744	0	0.837	NaN	NaN	NaN	NaN	NaN
303	0	0.22242	0.0021948	0.025	0.029584	0.50312	0	0	0	0.817	NaN	NaN	NaN	NaN	NaN
309	0.0033	0.45521	0.0008308	0.1253	0.002048	0.26077	0	0.0002232	0	0.7295	NaN	NaN	NaN	NaN	NaN
316	0.12122	0.57452	0.002046	0.434	0.024672	0.2055	0	0	0	0.62	NaN	NaN	NaN	NaN	NaN
323	0.04202	0.70368	0.001023	0.0315	0.0027769	0.45351	0	0	0	0.6785	NaN	NaN	NaN	NaN	NaN
330	0	0.55235	0.002046	0.034	0.08208	0.5102	0	0	0	1.023	NaN	NaN	NaN	NaN	NaN
336	0	0.67889	0.0005115	0.135	0.0648	0.7653	0	0	0	1.133	NaN	NaN	NaN	NaN	NaN
342	0	0.84358	0.0005115	0.0375	0.0432	0.0078124	0	0	0	1.016	NaN	NaN	NaN	NaN	NaN
348	0	0.46867	0	0.123	0.014221	1.9844	0	0	0	1.02	0.52	1.49	1.25	3.26	13.7
355	0	0.65836	0	0.432	0.036	0.0027006	0	0	0	1.5565	NaN	NaN	NaN	NaN	NaN
362	0	0.38846	0	0.1254	0.0038909	0.0068661	0	0	0	0.91	0.14	1.05	2.65	3.84	9.3
369	0.015378	0.40901	0	0.9055	0.00048637	0.017822	0	0	0	0.899	11.32	1.1	0.8	13.22	13.4
376	0	0.27156	0	0.15885	0.12346	0.49804	0	0	0	0.89	4.73	1.07	3	8.8	11.1
383	0.012936	0.3209	0.004092	0.016	0.31776	0.98824	0	0	0	0.76	NaN	NaN	NaN	NaN	NaN
390	0.02981	2.0415	0.01287	0.0096	0.36317	1.9754	0	0	0	0.797	0.5	1.25	1.7	3.45	11.6
397	0.00836	3.0368	0.010329	0.008	0.098143	2.1848	0	0	0	0.807	0.39	1.52	1.85	3.76	5
404	0	0.52105	0.006336	0.0048	0.11475	3.9531	0	0	0	2.396	1.95	1.92	0.95	4.82	4.6
411	0	0.84094	0.12896	0.4368	0.49414	1.5306	0	0	0	0.622	1.3	0.96	7	9.26	26.8
418	0.00484	2.9486	1.9853	0.0064	0.24901	0.49525	0	0	0	1.185	0.68	1.42	1.65	3.75	4.99
426	0	0.2518	1.0435	0.001	0.2486	0.49623	0	0	0	0.951	0.52	1.05	1.1	2.67	3.97
433	0	0.023705	0.20559	1.5775	1.324	0.011822	0	0	0	0.7595	0.69	0.51	1.1	2.3	3.97
440	0.000912	0.026038	4.6024	2.4956	0.12889	0.045409	0	0.0004464	0	1.474	2.11	3.93	1	7.04	2.15
447	0.0002107	0.039165	38.323	2.2781	0.071287	0.12451	0	0	0	2.055	0.64	1.4	0.85	2.89	3.69
454	0.12079	0.080175	2.2436	1.8123	0.0054268	0.019703	0	0.007335	0	1.508	4.39	0.83	5.75	10.97	2.47
461	0.64897	0.12398	0.11128	5.358	0.13527	0.12402	0	0.000465	0	0.969	0.45	1.16	3.8	5.41	3.03
468	0.71776	0.65085	0.008184	2.527	1.9759	0.039406	0	0.000651	0	1.417	4.58	1.49	4.5	10.57	1.15
476	0.64853	2.8586	0.011176	0.1615	4.2991	0	0	0	0	2.762	0.61	2.8	6.95	10.36	1.58
482	0.081268	3.7886	0.009405	0.004	0.015503	0	0	0	0	2.269	0.39	4	6.85	11.24	0.24
489	0.35002	4.0413	0.028622	0	0.24628	0	0	0	0	2.235	NaN	NaN	NaN	NaN	NaN
496	0.14655	1.4106	0.007161	0.2055	0.28798	0	0	0	0	1.55	NaN	NaN	NaN	NaN	NaN
503	0.1742	1.1422	0.00429	0.443	0.49692	0.24999	0	0	0	1.654	0.55	1.83	1.7	4.08	1.34
510	0.17079	0.86625	0.04191	0.135	0.49608	0.031084	0	0	0	2.159	0.29	0.65	1.65	2.59	1.92
517	0.20632	3.23	0.008184	0.0675	0.49422	0.015564	0	0	0	1.557	0.38	1.83	1.45	3.66	0.91
523	0.21934	2.9596	0.016368	0	0.49999	0.001988	0	0	0	1.197	0.52	0.6	4.6	5.72	0.7
530	0.024816	2.5934	0.008184	0	0.12402	0.0054543	0	0	0	0.844	1.05	1.54	3.8	6.39	0.57
537	0.008514	0.96556	0.008184	0	0.24726	0.00028036	0	0	0	0.698	NaN	NaN	NaN	NaN	NaN
545	0.0095205	0.90502	0.0057255	0	0.99379	0.0022429	0	0	0	0.716	1.62	1.63	2.2	5.45	0.83
552	0.06468	1.447	0.014322	0	1.526	0.019661	0	0	0	0.941	1.05	2.67	1.95	5.67	0.95
559	0.38808	3.4234	0.053196	0	0.53514	0.031006	0	0	0	2.473	0.83	2.42	1.6	4.85	0.13
566	0.19404	6.1152	0.049104	0.001925	0.19628	0.062499	0	0	0.132	1.082	1.65	1.79	5.7	9.14	0.73
572	0.03234	0.90274	0.022506	0	0.061974	0.10237	0	0	0.4092	0.7	NaN	NaN	NaN	NaN	NaN
580	0.54978	0.74094	0.002046	0.1905	3.4284	0.0047097	0	0	0.2508	0.937	0.38	0.59	1.15	2.12	3.07
586	0.58212	3.5947	0.024552	0.023	7.9371	0.0019454	0	0	0.1584	0.721	0.65	3.78	1.85	6.28	0.67
594	0	10.184	0.018414	0	0.062008	0.0077513	0	0	0.396	0.676	NaN	NaN	NaN	NaN	NaN
602	0	0.26415	0.063426	0.001925	0.015509	0.039793	0	0	0.066	0.56	0.9	1.19	1.95	4.04	0.52
609	0.0088	0.068353	0.00372	0.001925	0.24805	0.049396	0	0	0.096	0.47	NaN	NaN	NaN	NaN	NaN
615	0.0043	0.0086	0.0093	0	0.031168	0.0077815	0.0031302	0	0.096	1.334	0.42	9.58	2.05	12.05	1
622	0.01054	0.23936	0.00186	0.10575	1.9856	0.015442	1.4607	0	0.072	0.413	0.26	1.72	6.25	8.23	0.42
629	0.15	0.01742	0.0093	8.2338	0.99995	0.015516	3.5286	0	0.6	0.36	0.17	7.9	2.3	10.37	1.01
636	0.2586	0.01032	0.00186	0.00705	0.24902	0.0022575	6.1735	0	0.48	0.469	0.4	1.14	1.25	2.79	1.64
643	0.75868	0.00057333	0	0	0.24894	0.0077815	2.2911	0	0.1848	0.773	0.8	0.99	5.45	7.24	1.39
650	0.03282	0	0.00372	0	0.2832	0.0019455	0.36683	0	1.056	0.528	0.35	0.58	1.8	2.73	0.16
657	0.4377	0.00086	0.00186	0	0.99907	0.0038936	0.080297	0	1.32	0.477	0.45	5.85	2.85	9.15	1.16
664	0.30846	0	0.00682	0	0.38057	0.015625	0.1554	0	2.784	0.66	0.4	2.07	3.45	5.92	0.43
671	0.1	0	0	3.8595	0.24885	0.0019531	5.1637	0	0.192	0.538	0.94	1.71	9	11.65	2.73
678	0.10376	0	0	2.7714	20.087	0.0010604	1.554	0.020952	0.58	0.515	0.65	1.29	2.05	3.99	1.72
685	0.771	0	0	0.4075	7.9687	0.00097273	0.059822	0.00558	0.348	1.219	0.37	1.13	1.15	2.65	0.69
692	0	0	0	0	7.9526	0.00096752	7.4394	0	0	1.522	0.71	3.63	2.6	6.94	1.5
699	0	0	0	0	0	0	0.14159	0	0	1.384	0.43	0.63	2	3.06	2.3
705	0	0	0	0	0	0	0.8341	0	0	1.415	0.14	0.55	20.15	20.84	8.28
712	0	0.093176	0.16899	0	0	0	0.8341	0	0	4.273	0.95	1.72	8.1	10.77	9.28
720	0	0.46758	1.8806	0.3895	0	0	0.22644	0	0	2.923	0.84	1.51	6.55	8.9	11.99
727	0.3252	0.5216	12.321	0.053714	0.18171	0.017986	0.42535	1.0827	0.78	2.171	NaN	NaN	NaN	NaN	NaN
734	0.0966	0.66124	7.8933	0	0.24684	0.12491	0.02402	1.6365	1.92	1.65	0.78	0.15	8.1	9.03	11.84
741	0.12792	0.31404	5.648	0	0.082294	0	1.1313	0.83808	3.672	3.538	0.51	0.93	5.7	7.14	14.97
748	0.6476	0.3533	1.5414	0.00713	0.01599	0	1.776	0.873	3.19	7.598	0.93	0.55	5.5	6.98	15.2
755	0.06312	0.25238	1.1365	0	0	0	1.332	0.45252	1.236	3.218	0.76	0	5.5	6.26	11.73
762	0	0.17	4.812	0	0	0	0.0222	0.9123	1.08	3.045	0.87	0.81	2.9	4.58	11.7
769	0	0.2374	13.075	0	0	0	0	0.8286	1.56	2.214	1.37	0.06	8.9	10.33	0.18
776	0.0603	0.44304	4.0038	0	0	0	0	0.30828	0.516	1.496	1.93	0	11.65	13.58	0.27
783	0.539	0.60996	3.56	0	0.062203	0.030968	0	1.554	0.19	1.563	2.13	0	4.65	6.78	0.16
790	2.5353	1.7678	4.6103	0	0.062006	0.099605	0	0.92112	0.224	2.353	NaN	NaN	NaN	NaN	NaN
797	0	0.1038	1.552	0	0.0077511	0.0076478	0.333	0	0	1.629	2.05	2.66	0.07	4.78	0.07
804	0	0.034	2.2887	0.1222	0.061915	0.039196	0.666	0	0	0.753	1.89	0	7.25	9.14	4.91
811	0	0.06699	1.012	0.14379	0.24985	0.08642	0.5994	0	0	0.934	0.25	0.59	1.49	2.33	3.3
818	0	0.0306	1.0848	0.03605	0.10303	0.11472	0.5439	0	0	0.986	0.37	0	7.1	7.47	0.42
825	0	0.12243	1.0273	0.025635	0.59425	0.015486	0.33336	0	0	0.925	0.07	1.45	3	4.52	0.79
832	0	0.73762	0.82972	0.0094	0.33006	0.0077817	4.44	0	0	0.683	NaN	NaN	NaN	NaN	NaN
838	0	2.2736	0.13148	0	0.052936	0.0022582	0.2886	0	0	0.977	0.45	0.62	10.05	11.12	0.22
845	0	1.0032	0.025128	0	0.029615	0.07053	0.26986	0	0	0.605	0.59	0.07	15.95	16.61	0.32
852	0	1.8048	0.034725	0	0.03125	3.03e-05	1.4074	0	0	0.696	NaN	NaN	NaN	NaN	NaN
859	0	1.3527	0.015828	0	0.031099	0.00096372	2.0635	0	0	0.777	0.69	0.87	11.25	12.81	0.15
866	0	0.56288	0.00186	0	0.032223	0.0077816	0.7746	0	0	0.666	0.68	15.18	14.12	29.98	0.21
873	0	0.41156	0	0	0.091279	0.0010451	0.23492	0	0	0.778	0.41	2.6	2.75	5.76	1.98
880	0	0.37459	0	0.0031333	0.0062252	0.0002222	0.10794	0	0	0.943	0.5	1.26	2.95	4.71	1.43
887	0	0.15962	0.00558	0.00232	0.0071408	6.89e-05	0.041292	0	0	1.249	0.42	1.79	2.75	4.96	1.26
894	0	0.14398	0.00372	0.21485	0.012939	0.00074385	0.069841	0	0	0.821	0.37	1.84	3.5	5.71	1
901	0	0.43127	0.0048825	0.1175	0.062253	0.0020977	0.1221	0	0	0.995	0.22	1.01	4.875	6.105	0.9
908	0	0.28582	0.0093	0.14688	0.061767	0.00015449	0.055567	0	0	0.86	0.73	1.01	6.25	7.99	2.31
915	0	0.68952	0.00408	0.00055	0.015563	0.0078125	0.012698	0	0	1.496	0.35	0.57	1.75	2.67	0.78
922	0	0.68866	0.1227	0	0.12396	0.013428	0.11744	0	0	2.249	0.58	2.41	2.05	5.04	0.74
929	0	0.80692	0.05262	0	0.24934	0.0019367	0.26351	0	0	0.986	0.37	0.73	0.75	1.85	0.34
936	0	0.35482	0.00186	0.0003875	0.0019378	7.57e-06	0.42859	0	0	0.743	0.32	0.37	1.15	1.84	0.33
943	0	1.0881	0.00093	0.025635	0.0039001	1.54e-05	1.4857	0	0	0.5	0.35	1.03	4.25	5.63	0.88
950	0	0.39082	0	0	0.49607	0.0010451	0.25308	0	0	0.9988	0.46	0.66	5.9	7.02	1
957	0	1.6258	0.0078	0	1.9928	0.030991	0.888	0	0	1.747	0.42	1.08	3.95	5.45	1.01
964	0	1.8731	0.01116	0	3.9709	0.061767	0.0222	0	0	1.702	0.41	1.37	3.55	5.33	1.13
971	0	3.5331	0.035805	0	0.014884	0.0077209	0	0	0	1.322	0.98	1.93	6.6	9.51	1.23
978	0	3.0455	0.013175	0	0.0029905	0.00061183	0	0	0	1.816	0.64	3.05	6.1	9.79	1.34
985	0	4.1324	0	0	0.0019454	0.0077209	0	0	0	1.185	1.55	1.9	6.15	9.6	3.3
992	0	2.7395	0	0	0.031005	0.086994	0	0	0	1.181	0.24	4.62	6.85	11.71	2.72
999	0	3.0004	0	0	0.019774	0.31739	0	0	0	1.652	0.84	2.23	41.4	44.47	14.66
1007	0	2.846	0	0	0.12444	1.2109	0	0	0	0.868	0.72	2.64	4.3	7.66	3.99
1013	0	2.7089	0.00279	0	0.24992	0.98683	0.00222	0	0	0.977	0.48	0	3.15	3.63	4.48
1020	0	8.9466	0.00465	0.015	0.015471	0.99307	0.045688	0.13038	0.012	1.083	0.51	1.72	3.3	5.53	7.04
1027	0.05	9.0242	0.00984	0.001	0.0038734	0.030858	0.0047804	0.3558	0	1.086	0.5	4.7	6.25	11.45	3.09
1034	0.20294	3.3462	0.07902	0.0023333	0.0079734	0.19911	0.012654	0	0	1.019	NaN	NaN	4.8	NaN	1.56
1041	0.26654	1.5621	0.01878	0.061	0.030883	0.12455	0.16134	0.39816	0	0.937	NaN	NaN	NaN	NaN	NaN
1048	0	0.5366	0.00186	0.006	0.02073	0.049802	0.16765	0.17976	0.06	0.784	0.49	4.69	1	6.18	1.03
1056	0.00258	0.3559	0.00744	0	0.015422	0.062499	1.6193	0.0624	0.076	1.063	0.27	2.05	2.75	5.07	0.45
1062	0.00344	0.0484	0	0	0.0015947	0.24774	0.069841	0	0.276	0.882	0.29	2.3	1.75	4.34	0.57
181	0.035948	0.32528	0.13265	NaN	0.0018	7.8485	0	0.004092	0	0.5605	15.39	19.77	4.85	40.01	26.8
188	0.015532	0.58722	0.15101	NaN	0.030176	1.5832	0	0.014377	0	0.5515	15.09	24.34	3.65	43.08	27
195	0.003784	0.65516	0.30812	NaN	0.39958	5.3004	0	0	0	0.491	6.2	8.01	4.3	18.51	29.5
203	0	0.3625	0.24862	NaN	0.09644	0.79769	0	0.029509	0	0.402	6.34	10.03	4.05	20.42	22
209	0	0.32598	0.23575	NaN	0.07908	12.124	0	0.029053	0	0.445	12.52	3.25	10.3	26.07	30
216	0.000946	0.27004	0.27073	0.00259	0.034972	6.0859	0	0.014083	0	0.392	15	0.15	3	18.15	32
223	0.006468	0.16907	0.33198	0.562	0.039911	0.022676	0	0.0004557	0	0.419	4.73	2.35	5	12.08	23
230	0.005126	0.52732	0.14421	1.0093	0.16199	0.22108	0	0.035942	0	0.65	14.39	0.62	1.6	16.61	23
237	0.012144	0.41323	0.06996	0.013	0.001216	7.3766	0	0	0	0.707	2.39	4.49	4.9	11.78	34
244	0.003102	0.53956	0.030888	0.016	0.012624	0.0028348	0	0	0	0.767	2.32	2.5	2.6	7.42	26
251	0.002156	0.5579	0.029436	0.048	0.045795	2.7664	0	0	0	0.851	2.66	5.13	1.55	9.34	23
257	0.0198	0.57127	0.24509	0.0845	0.003616	0.58147	0	0.0071883	0	0.687	11.8	0	1.85	13.65	21
264	0.00803	0.39727	0.14771	0.064	0.4048	0.066149	0	0	0	0.899	10.61	0	3.6	14.21	21
271	0.000946	0.26826	0.10402	0.007	0.18102	0.082451	0	0.0089487	0	1.115	15.55	0	2.55	18.1	16.5
278	0.001892	0.45734	0.059334	0.1109	0.11264	0.10114	0	0.0004557	0	1.401	14.07	0	2.9	16.97	9.5
286	0.003982	0.62716	0.008283	0.013	0.080448	0.14616	0	0.062788	0	1.297	22.27	1.78	3.1	27.15	27
292	0.00968	0.65073	0.004092	0.0135	0.0048	0.55882	0	0	0	0.824	29.43	0	1.2	30.63	30.75
299	0	0.59062	0.0041664	0.0065	0.016256	2.6502	0	0.001023	0	0.85	1.98	1.84	4.9	8.72	30.75
306	0	0.21665	0.0002232	0.6871	0.042912	0.31888	0	0.0002232	0	0.784	0.77	3.37	2.85	6.99	9.25
314	0.28952	0.61532	0.0014384	0.8325	0.01336	0.15235	0	0	0	0.675	0.41	1.45	18.5	20.36	14
320	0.14872	0.57201	0.006138	0.023	0.031776	0.30234	0	0	0	0.565	2.98	1.86	4.7	9.54	13.6
327	0.03718	0.65765	0.0015345	0.04	0.08272	0.44643	0	0	0	0.792	17.2	4.74	3.6	25.54	7.8
334	0	0.68262	0.0012787	0.0845	0.04871	2.2392	0	0	0	1.254	15	2.69	5.55	23.24	8.5
340	0	0.67516	0.001023	0.08625	0.088093	0.044541	0	0	0	1.012	0.14	0.7	2.65	3.49	14.4
351	0	0.17538	0	0.2775	0.0038604	2.877	0	0	0	1.937	NaN	NaN	NaN	NaN	NaN
358	0	0.34453	0	0.969	0.0144	0.49998	0	0	0	1.176	NaN	NaN	NaN	NaN	NaN
365	0.001892	0.32948	0	1.0091	0.0019531	0.013224	0	0	0	0.644	NaN	NaN	NaN	NaN	NaN
372	0	0.31759	0	0.0011	0.087891	0.57031	0	0	0	0.8945	NaN	NaN	NaN	NaN	NaN
379	0	0.17808	0.002046	0.0128	0.12346	0.099115	0	0	0	0.825	NaN	NaN	NaN	NaN	NaN
386	0.00418	1.3887	0.008481	0.016	0.99608	0.99565	0	0	0	0.7785	NaN	NaN	NaN	NaN	NaN
393	0.031306	4.5489	0.010428	0.0064	0.061766	1.7734	0	0	0	0.802	NaN	NaN	NaN	NaN	NaN
400	0.00473	3.5878	0.01023	0.00855	0.10644	3.9843	0	0	0	1.6015	NaN	NaN	NaN	NaN	NaN
407	0	0.45156	0.03333	0.0064	0.24693	0.062255	0	0	0	1.509	NaN	NaN	NaN	NaN	NaN
414	0	1.3772	0.91463	0.01275	0.49803	0.28711	0	0.001023	0	0.9035	NaN	NaN	NaN	NaN	NaN
421	0.01617	1.8349	0.53394	0.0032	0.12451	0.2674	0	0	0	1.068	NaN	NaN	NaN	NaN	NaN
429	0	0.031249	0.7826	0.00025	0.12475	0.04736	0	0	0	0.934	NaN	NaN	NaN	NaN	NaN
436	0	0.019475	0.52017	1.17	3.0467	0.0078813	0	0.0070416	0	0.585	NaN	NaN	NaN	NaN	NaN
443	0	0.032602	30.885	1.6219	0.99995	0.082754	0	0	0	2.076	NaN	NaN	NaN	NaN	NaN
450	0.050604	0.10642	3.9506	0.0395	0.00048446	0.15763	0	0	0	1.218	NaN	NaN	NaN	NaN	NaN
457	0.17361	0.11482	0.67265	3.5852	0.0038756	0.019703	0	0.022005	0	2.186	NaN	NaN	NaN	NaN	NaN
464	1.7074	0.55137	0.032736	3.3763	0.24726	0.078813	0	0	0	1.771	NaN	NaN	NaN	NaN	NaN
471	0.68314	1.7547	0.00968	1.254	3.0045	0	0	0.0003255	0	0.142	NaN	NaN	NaN	NaN	NaN
479	0.49904	4.7813	0.012672	0.0047	0.98827	0	0	0	0	2.366	NaN	NaN	NaN	NaN	NaN
487	0.32406	4.4041	0.006138	0.0033	0.062497	0	0	0	0	2.069	0.5	2.79	3.55	6.84	0.94
494	0.20896	1.6715	0.012276	0.0295	0.015441	0	0	0	0	1.85	0.32	1.06	3.05	4.43	0.83
499	0.08415	1.1497	0.002046	0.32425	0.12402	0.1835	0	0	0	1.232	NaN	NaN	NaN	NaN	NaN
506	0.1606	1.4617	0.029238	0.18265	0.49672	0.12421	0	0	0	2.332	NaN	NaN	NaN	NaN	NaN
513	0.16801	1.2993	0.026532	0.10125	0.50389	0.24839	0	0	0	3.349	NaN	NaN	NaN	NaN	NaN
520	0.0066	2.5193	0.008184	0.03375	0.24804	0.015292	0	0	0	1.626	NaN	NaN	NaN	NaN	NaN
527	0.096316	2.6187	0.008184	0	0.24902	0.0038756	0	0	0	1.017	NaN	NaN	NaN	NaN	NaN
534	0.07227	1.8165	0.006138	0	0.24772	0.0076594	0	0	0	0.76	NaN	NaN	NaN	NaN	NaN
541	0.006072	0.75581	0.00429	0	0.19628	0.00011205	0	0	0	0.856	NaN	NaN	NaN	NaN	NaN
548	0.012144	1.08	0.002046	0	0.99606	0.0038297	0	0	0	0.8	NaN	NaN	NaN	NaN	NaN
555	0.09702	1.0907	0.018414	0	3.9602	0.012268	0	0	0	1.467	NaN	NaN	NaN	NaN	NaN
563	0.19404	5.218	0.050468	0.00385	0.031084	0.062497	0	0	0.1056	1.3	NaN	NaN	NaN	NaN	NaN
569	0.14553	1.4728	0.085932	0	0.047267	0.24909	0	0	0.3234	0.932	NaN	NaN	NaN	NaN	NaN
576	0.12936	0.85581	0.008184	0.09525	1.1921	0.031007	0	0	0.1452	0.64	NaN	NaN	NaN	NaN	NaN
582	0.06468	0.78723	0.01023	0.10675	4.5099	0.01556	0	0	0.132	0.634	NaN	NaN	NaN	NaN	NaN
590	0	9.3349	0.03069	0	0.36318	0.001468	0	0	0.264	0.465	NaN	NaN	NaN	NaN	NaN
597	0	4.0902	0.006138	0	0.015503	0.0039062	0	0	0.0396	0.512	0.39	1.73	1.05	3.17	0.58
604	0	0.09823	0.006138	0.00385	0.01562	0.07226	0	0	0.264	0.47	NaN	NaN	NaN	NaN	NaN
611	0	0.038477	0.00186	0	0.23729	0.031005	0	0	0	0.402	NaN	NaN	NaN	NaN	NaN
618	0.15	0.00688	0.00558	0.052875	0.062008	0.0038297	0.0062604	0.02934	0.12	0.384	NaN	NaN	NaN	NaN	NaN
625	0.24664	0.02516	0.00558	16.453	1.9999	0.015292	9.1629	0	0.228	0.328	NaN	NaN	NaN	NaN	NaN
632	0.35104	0.09486	0.00372	0.0141	0.22776	0.0019468	3.6918	0	0.36	0.268	NaN	NaN	NaN	NaN	NaN
638	2.821	0.00086	0	0	0.17578	0.003433	3.774	0	0.4224	0.62	NaN	NaN	NaN	NaN	NaN
646	0.27104	0.00028667	0	0	0.1914	0.0038873	2.5818	0	0.914	0.882	NaN	NaN	NaN	NaN	NaN
653	0.08332	0.00043	0.00279	0	0.99917	0.015292	0.066778	0	1.47	0.83	NaN	NaN	NaN	NaN	NaN
659	0.019	0.00043	0.0093	0	0.99579	0.0061896	0.0888	0	2.46	0.593	NaN	NaN	NaN	NaN	NaN
667	0.30172	0	0.00186	0	0.54292	0.0077872	2.22	0	0.468	0.772	NaN	NaN	NaN	NaN	NaN
674	0.1586	0	0	2.3174	7.9371	0.0019339	3.774	0	0.18	0.427	NaN	NaN	NaN	NaN	NaN
681	0.2689	0	0	7.3999	7.9397	0.00098309	1.0203	0.027243	0.351	1.159	NaN	NaN	NaN	NaN	NaN
688	0.24884	0	0	1.5075	15.812	0.00076465	11.1	0	0.1561	1.358	NaN	NaN	NaN	NaN	NaN
695	0	0	0	0	3.9763	0.00048376	0.22799	0	0	1.522	NaN	NaN	NaN	NaN	NaN
702	0	0	0	0	0	0	0.68332	0	0	1.816	NaN	NaN	NaN	NaN	NaN
708	0	0	0	0	0	0	1.2915	0	0	2.361	NaN	NaN	NaN	NaN	NaN
715	0.41139	0.18635	0.33798	0.19475	0	0	0.6668	0.1459	0	2.11	NaN	NaN	NaN	NaN	NaN
723	0.28912	0.7488	3.4231	0.0752	0.061961	0	0.3703	0.69756	0.6	3.227	NaN	NaN	NaN	NaN	NaN
730	0.2373	2.7422	11.162	0.026857	0.57422	0.035973	0.029482	2.7399	2.4	4.472	NaN	NaN	NaN	NaN	NaN
737	0.36684	0.63408	4.6746	0	0.24733	0.062455	0.02926	0.03348	0.9	4	NaN	NaN	NaN	NaN	NaN
744	0.0456	0.51756	4.7722	0.003565	0.031185	0	1.332	1.2348	1.872	5.5	NaN	NaN	NaN	NaN	NaN
751	0	0.39904	2.4221	0.003565	0.0079949	0	0.27799	1.2216	2.88	2.301	NaN	NaN	NaN	NaN	NaN
758	0.06312	0.10572	2.7468	0	0	0	0.444	2.8739	1.944	4.706	NaN	NaN	NaN	NaN	NaN
765	0	0.2374	12.559	0	0	0	0.0111	0.4422	1.2	2.6	NaN	NaN	NaN	NaN	NaN
772	0.08654	0.492	5.2781	0	0	0	0	0.24588	0.516	2.681	NaN	NaN	NaN	NaN	NaN
779	0.10624	0.45012	2.0932	0	0.062203	0.030968	0	0.41118	0.492	1.937	NaN	NaN	NaN	NaN	NaN
786	0	0.99592	0.73944	0	0	0	0	0	0	2.577	NaN	NaN	NaN	NaN	NaN
793	0	0.7424	2.2938	0	0.030767	0.068356	0.01483	0	0	2.595	NaN	NaN	NaN	NaN	NaN
800	0	0.13674	1.4376	0	0.030804	0.0618	0.71959	0	0	1.617	1.55	0	1.75	3.3	0.15
807	0	0.13398	1.1376	0.2444	0.061776	0.045895	0.6105	0	0	1.098	NaN	NaN	NaN	NaN	NaN
814	0	0.048795	0.61413	0.043175	0.49488	0.24999	0.5772	0	0	0.558	NaN	NaN	NaN	NaN	NaN
821	0	0.061215	1.5554	0.028925	1.9903	0.039547	0.51588	0	0	0.916	NaN	NaN	NaN	NaN	NaN
828	0	0.021054	1.0663	0.026245	0.5414	0.010009	1.3206	0	0	0.509	NaN	NaN	NaN	NaN	NaN
835	0	0.42604	0.1845	0.0047	0.1914	0.0043994	0.59261	0	0	0.637	NaN	NaN	NaN	NaN	NaN
842	0	1.257	0.025425	0	0.15678	0.9888	0.27611	0	0	0.48	NaN	NaN	NaN	NaN	NaN
849	0	1.2898	0.015828	0	0.061737	0.10325	0.8436	0	0	0.454	NaN	NaN	NaN	NaN	NaN
856	0	0.74526	0.02604	0	0.015991	0.00062016	1.8201	0	0	0.743	NaN	NaN	NaN	NaN	NaN
863	0	0.69826	0.00372	0	0.031065	0.0021164	0.31111	0	0	0.89	NaN	NaN	NaN	NaN	NaN
870	0	0.6404	0	0	0.03402	0.0077817	0.1673	0	0	0.73	NaN	NaN	NaN	NaN	NaN
877	0	0.4574	0	0.0015667	0.022583	0.00058365	0.12063	0	0	0.996	NaN	NaN	NaN	NaN	NaN
884	0	0.20898	0.00279	0.000775	0.01599	0.00012111	0.033344	0	0	1.373	NaN	NaN	NaN	NaN	NaN
891	0	0.35362	0.00186	0.14401	0.0038604	0.00012064	0.092086	0	0	1.078	NaN	NaN	NaN	NaN	NaN
897	0	0.26025	0.002325	0.16618	0.025758	0.0014266	0.13333	0	0	0.6	NaN	NaN	NaN	NaN	NaN
904	0	0.60228	0.00744	0.4465	0.061693	0.0018386	0.11113	0	0	0.789	NaN	NaN	NaN	NaN	NaN
912	0	0.70324	0.00408	0.11569	0.11013	0.0039769	0.026988	0	0	1.194	NaN	NaN	NaN	NaN	NaN
919	0	0.53132	0.05244	0	0.055173	0.015442	0	0	0	1.6	NaN	NaN	NaN	NaN	NaN
926	0	0.85844	0.1008	0	0.12321	0.0018386	0.77247	0	0	1.3	NaN	NaN	NaN	NaN	NaN
932	0	1.2285	0.03348	0	0.0014801	0.00097273	0.69206	0	0	0.8645	NaN	NaN	NaN	NaN	NaN
939	0	0.62758	0.00186	0.000775	0.0019274	3.08e-05	0.08254	0	0	0.6215	NaN	NaN	NaN	NaN	NaN
946	0	0.74642	0	0.012818	0.0031893	0	0.52383	0	0	0.7494	NaN	NaN	NaN	NaN	NaN
953	0	0.65	0	0	0.54665	0.0071176	1.11	0	0	1.2482	NaN	NaN	NaN	NaN	NaN
960	0	2.1215	0.00948	0	1.1484	0.0044053	0.222	0	0	2.508	NaN	NaN	NaN	NaN	NaN
967	0	6.4516	0.019375	0	1.9921	0.024779	0	0	0	1.181	NaN	NaN	NaN	NaN	NaN
974	0	4.5635	0.02449	0	0.012451	0.022947	0	0	0	1.1216	NaN	NaN	NaN	NaN	NaN
981	0	3.5244	0.00186	0	0.0038964	0.0022582	0	0	0	2.318	NaN	NaN	NaN	NaN	NaN
988	0	3.8941	0	0	0.031168	0.015568	0	0	0	1.205	NaN	NaN	NaN	NaN	NaN
995	0	2.5264	0	0	0.030884	0.24973	0	0	0	2.127	NaN	NaN	NaN	NaN	NaN
1002	0	3.1732	0	0	0.12353	0.91014	0	0	0	1.604	NaN	NaN	NaN	NaN	NaN
1009	0	2.2002	0	0	0.13378	2	0	0	0	1.707	NaN	NaN	NaN	NaN	NaN
1016	0	3.2177	0.00558	0.0075	0.21484	2.2638	0.0222	0	0	0.834	NaN	NaN	NaN	NaN	NaN
1023	0	9.0501	0.00372	0.008	0.03125	0.061183	0.040165	0.0312	0	0.822	NaN	NaN	NaN	NaN	NaN
1030	0.1	9.1986	0.04296	0.0016667	0.0015947	0.00053157	0.0047804	0.09546	0.012	1.121	NaN	NaN	NaN	NaN	NaN
1037	0.1352	2.2623	0.06882	0.003	0.0049241	0.39842	0.053665	0.06054	0	0.986	NaN	NaN	NaN	NaN	NaN
1043	0	1.283	0.00186	0.093	0.062242	0.12372	0.03481	0.59982	0	0.685	NaN	NaN	NaN	NaN	NaN
1082	0.015939	1.3711	0.003069	0	0.0035551	0.22753	0.047619	0.048411	0.099	0.873	0.25	7.56	5.55	13.36	0.67
1090	0.02904	1.8904	0.083061	0	0.0019454	0.98552	0	0	0.0792	0.891	0.3	1.76	10.9	12.96	0.81
1098	0	1.0918	0.76807	0	0.0004871	0.98749	0.06882	0.003069	0	1.291	0.29	1.87	2.95	5.11	0.48
1104	0	0.85664	1.8355	0	0.0077208	0.0061183	0	0	0.0198	1.005	0.16	2.88	4.25	7.29	0.69
1111	0	0.086405	0.20228	0	0.0017776	0	0	0	0.09	2.266	0.34	1.64	3.9	5.88	1.09
1118	0.001419	0.17038	0.11219	0.611	0.0094917	0.0019531	0.0025907	0	0.0198	2.179	0.34	0.84	4.4	5.58	0.3
1125	0.015939	0.21841	0.087066	0	0.0054524	0.015442	0.003774	0	0.0798	1.764	0.18	1.56	NaN	NaN	0.84
1132	0.010019	1.1229	0.1035	0.0418	0.0078122	0.10986	0.0049573	0.054549	0.0264	3.529	0.2	0.02	NaN	NaN	0.4
1139	0.001419	0.64218	0.047085	0.0282	0.0038909	0.0038605	0	0	0.2835	2.113	1.5	0	NaN	NaN	0.94
1146	0.018619	0.1641	0.10283	0	0.079733	0.42823	0	0	0.06	2.595	1.68	0	NaN	NaN	1.88
1153	0.06122	1.1755	0.18132	0	0.0034637	0.049803	0.0019092	0.00186	0.026	1.046	0.29	0	14.05	14.34	5.09
1160	0.03566	0.95202	0.0714	0.0602	0.0004871	0.016845	0.14288	0.0312	0.05	1.063	0.08	0.47	5.1	5.65	3.73
1167	0.04122	0.6072	0.0225	0	0.0041808	0.015442	0	0.00558	0.086	1.029	0.26	0.56	6.1	6.92	4.76
1174	0.0176	0.49144	0	0	0.0039867	0.0024473	0	0.02046	0.16	0.96	1.91	0.13	3.25	5.29	4.33
1181	0.02084	0.18342	0	0	0.12403	0.12349	0	0.02604	0.108	1.199	0.66	1.21	15.5	17.37	4.06
1188	0.06568	0.55572	0.00186	0	0.0038909	0.049803	0.0014208	0.0093	0.024	1.48	0.26	0.86	6.2	7.32	4.21
1195	0.00258	0.81452	0.00372	0	0.00088878	0.062273	0	0.0405	0	0.96	NaN	NaN	NaN	NaN	NaN
1202	0.00172	1.3316	0.3705	0	0.0032347	1.6406	0	0.04794	0.036	0.95	NaN	NaN	NaN	NaN	NaN
1209	0.000946	0.74223	3.8171	0.046255	0	0.015296	0	0.01116	0	0.554	0.7	3.01	6.5	10.21	3.22
1216	0	0.12748	1.9566	0.03135	0.0023305	0	0	0.1932	0.048	0.582	NaN	NaN	NaN	NaN	NaN
1223	0.01118	0.02366	0.40734	0.00385	0.0022277	0.022948	0	0.42564	0.06	0.612	0.67	1.3	2.4	4.37	2.66
1230	0.01032	0.13728	0.5559	0.7523	0.0014759	0	0	0.09174	0.084	0.908	0.42	2.08	3.85	6.35	2.88
1237	0.0131	0.64262	0.2628	0.7529	0.24707	0	0	0.09174	0.048	0.41	0.81	2.87	6.75	10.43	1.91
1244	0.0043	1.8481	0.08796	0.48315	0.0038909	0	0	0.09174	0.024	0.4785	0.59	2.6	8.15	11.34	1.54
1251	0.00086	0.97228	0.19554	0.02386	0	0.0067138	0	0.03492	0	0.736	0.41	0.28	5.3	5.99	1.27
1258	0	0.90698	0.00744	0	0.0038909	0.24707	0	0.06612	0.036	0.6635	0.27	1.44	1.35	3.06	1.36
1266	0.00172	1.3281	0.00372	0	0.0037209	1.7811	0	0.09546	0.048	0.97	NaN	NaN	NaN	NaN	NaN
1272	0.00172	1.62	0	0	0.0038909	3.9421	0	0	0.048	0.882	0.47	1.18	4.55	6.2	1.93
1279	0.0043	2.5694	0.03642	0	0.12353	1.9898	0	0	0.074	0.328	0.23	0.26	2.75	3.24	1.4
1286	0.00258	0.84898	0.4662	0.0235	0.19823	1.2543	0	0.02934	0.036	0.325	0.32	0.42	5.15	5.89	0.81
1293	0.00086	1.7128	0.87504	0	0.049557	0.14328	0	0.0312	0	0.467	0.53	1.77	4.85	7.15	1.64
1300	0.00466	1.5533	0.00558	0	0.030882	0.98749	0	0.00186	0	0.471	0.17	3.51	0.9	4.58	0.4
1307	0	0.33342	0.00594	0	0.061767	0.24707	0	0.00558	0.078	0.352	0.41	1.33	3.15	4.89	0.66
1314	0.00344	0.3082	0.02808	0	0.02392	0.24777	0	0	0.036	1.1295	0.27	2.52	7.05	9.84	0.78
1321	0.00344	0.52886	2.0801	0.2955	0.013731	0.028679	0	0.06054	0.036	1.2785	0.34	2.79	2	5.13	5.54
1328	0.00724	0.4156	1.503	0	0	0.00048418	0	0	0.036	1.062	0.62	2.33	6.7	9.65	4.18
1335	0.0172	0.29532	2.3988	0	0	0	0	0	0.0066	1.341	0.49	2.13	4.25	6.87	7.66
1342	0	0.32218	4.9374	0	0.015183	0.0005236	0	0	0.06	3.581	0.54	3.19	6.2	9.93	8.88
1349	0.01412	0.14084	2.1334	1.015	0.0010681	0	0	0.00744	0.024	0.321	0.48	13.3	10.6	24.38	8.3
1087	0.001419	1.5856	0.013167	0	0.061558	0.49593	0.28571	0	0.099	0.859	NaN	NaN	NaN	NaN	NaN
1093	0	1.9511	0.29941	0	0.00088878	1.078	0	0	0.0198	1.531	NaN	NaN	NaN	NaN	NaN
1100	0	0.62141	0.69367	0	0.36522	0.076172	0	0	0.0033	1.73	NaN	NaN	NaN	NaN	NaN
1107	0.001419	0.25707	0.51833	0	0.0064087	0.0028686	0.00111	0	0.0798	1.103	NaN	NaN	NaN	NaN	NaN
1114	0	0.04455	0.0186	0.3661	0.0069273	0.00096888	0.0092507	0.19511	0	1.673	NaN	NaN	NaN	NaN	NaN
1121	0	0.469	0.083997	0	0.015431	0.0048946	0	0.1467	0	1.73	NaN	NaN	NaN	NaN	NaN
1128	0.017358	0.44646	0.060066	0	0.0077137	0.0036772	0	0	0.0033	2.66	NaN	NaN	NaN	NaN	NaN
1135	0	0.5749	0.01506	0	0.015401	0.026855	0.0007104	0	0.002	2.647	NaN	NaN	NaN	NaN	NaN
1142	0.007181	0.11805	0.003366	0.01325	0.0051573	0.049803	0.0011833	0	0.12	1.579	NaN	NaN	NaN	NaN	NaN
1149	0.02996	0.67378	0.17034	0	0	0.24706	NaN	0	0.048	1.358	NaN	NaN	NaN	NaN	NaN
1156	0.12106	1.0443	0.14556	0	0.00097271	0.030886	0.028771	0	0.086	0.951	NaN	NaN	NaN	NaN	NaN
1163	0.039	1.0293	0.03924	0	0.028563	0.015624	0.12383	0.02934	0.024	1.046	NaN	NaN	NaN	NaN	NaN
1170	0.008	0.72674	0.00186	0	0.0038909	0.012237	0	0.03492	0.084	0.769	NaN	NaN	NaN	NaN	NaN
1177	0.03758	0.37728	0	0	0.015563	0.12319	0	0.00744	0.068	1.098	NaN	NaN	NaN	NaN	NaN
1184	0.01568	0.148	0	0	1.974	0.33008	0	0.00186	0.024	1.3	NaN	NaN	NaN	NaN	NaN
1191	0.00774	0.66236	0.00186	0	0.0031127	0.24909	0.0001776	0.01116	0.048	0.873	NaN	NaN	NaN	NaN	NaN
1198	0.00344	0.82842	0.00984	0	0.013289	0.00097303	0	0.05166	0.038	0.955	NaN	NaN	NaN	NaN	NaN
1205	0	0.61656	1.0855	0	0.0038909	3.9687	0.0071484	0.00372	0.024	1.038	NaN	NaN	NaN	NaN	NaN
1212	0	0.58362	5.3136	0	0.00099668	0	0	0.16902	0	0.403	NaN	NaN	NaN	NaN	NaN
1219	0	0.02752	0.8184	0.0705	0.0011819	0	0	0.24816	0.048	0.41	NaN	NaN	NaN	NaN	NaN
1226	0.0129	0.04194	0.60744	100.49	0.0038909	0	0	0.12852	0.024	0.814	NaN	NaN	NaN	NaN	NaN
1233	0.00516	0.44254	0.38238	3.1014	0.039866	0	0	0.09732	0.084	0.564	NaN	NaN	NaN	NaN	NaN
1240	0.00344	0.52806	0.20508	0.06635	0.00099668	0	0	0.18204	0.096	0.262	NaN	NaN	NaN	NaN	NaN
1247	0.00086	0.76896	0.095	0.7144	0.031057	0	0	0.07356	0.012	0.695	NaN	NaN	NaN	NaN	NaN
1254	0.00086	1.2166	0.08928	0	0.0019934	0.00098416	0	0	0	0.777	NaN	NaN	NaN	NaN	NaN
1260	0.01138	0.82906	0.00966	0.27091	0.020006	0.36098	0	0.07356	0.036	0.55	NaN	NaN	NaN	NaN	NaN
1268	0.00344	1.711	0.00372	0	0.0038909	3.9531	0	0.00372	0	1.39	NaN	NaN	NaN	NaN	NaN
1275	0.00172	1.151	0.00186	0.0282	0.030883	1.5296	0	0.0312	0.036	0.146	NaN	NaN	NaN	NaN	NaN
1282	0.00086	0.99528	0.1674	0	0.2539	1.4686	0	0	0	0.305	NaN	NaN	NaN	NaN	NaN
1289	0	1.9088	1.9351	0	0.20649	0.19921	0	0	0	0.439	NaN	NaN	NaN	NaN	NaN
1296	0.00172	1.6676	0.03534	0	0.061982	0.4944	0	0	0.036	0.47	NaN	NaN	NaN	NaN	NaN
1303	0	0.91144	0	0	0.052976	0.4944	0	0	0	0.799	NaN	NaN	NaN	NaN	NaN
1310	0.00638	0.54288	0.02694	0	0.0069273	0.49413	0	0	0.036	0.425	NaN	NaN	NaN	NaN	NaN
1317	0.00516	0.29024	0.24468	0	0.059567	0.030883	0	0	0.036	1.834	NaN	NaN	NaN	NaN	NaN
1324	0.0086	0.092274	2.457	0	0.00097272	0.025512	0	0	0.003	0.723	NaN	NaN	NaN	NaN	NaN
1331	0.0129	0.14997	1.9887	0	0.086779	0.030883	0	0	0.0006	1.401	NaN	NaN	NaN	NaN	NaN
1337	0.0172	0.727	4.9089	0	0.0066445	0.0005236	0	0	0.003	2.188	NaN	NaN	NaN	NaN	NaN
1345	0	0.61876	2.8119	0.5295	0.0049708	0	0	0	0.024	1.951	NaN	NaN	NaN	NaN	NaN
1364	0.00172	0.04064	3.8324	0	0.24699	0	0	0	0.014	1.575	0.83	0.56	4.9	6.29	5.24
1370	0	0.02352	2.501	0	0.020752	0	0	0.00372	0	1.0905	0.53	3.01	4.6	8.14	3.7
1377	0	0.06394	0.31824	0.188	0.0085449	0	0	0.00372	0	0.642	0.56	7.82	4.8	13.18	3.7
1383	0.00258	0.16098	0.23232	0.119	0.0038756	0.98708	0	0	0	0.729	0.57	1.44	3.5	5.51	5.61
1391	0	0.47432	0.11232	0.0145	0.30273	0.98624	0	0	0.012	0.899	0.18	1.09	2.7	3.97	1.27
1398	0.00086	0.71086	0.08214	0	0.015947	0.99214	0	0.0312	0	0.485	0.2	2.21	0.2	2.61	0.61
1405	0	0.90974	0.86274	0	0	3.1755	0	0.06612	0.036	1.029	0.52	1.46	8.1	10.08	0.84
1413	0	0.5333	6.1795	0	0	2.6405	0	0	0.096	1.323	0.92	1.41	6.25	8.58	4.27
1419	0	0.05084	5.6484	0	0.0077817	0.12325	0	0.00186	0.024	1.807	1.4	2.44	4.75	8.59	1.59
1426	0.00344	0.09238	0.6882	0	0	0	0	0.06984	0.048	0.494	0.32	3.55	7.85	11.72	1.61
1433	0.0043	0.19468	0.04287	0.0022	0.35023	0	0	0.06984	0.048	0.66	0.37	0.66	6.6	7.63	1.99
1441	0.00086	0.73674	0.3306	0.29375	0.0029448	1.2578	0	0	0.012	1.851	0.32	31.27	4.2	35.79	1.07
1447	0	0.83123	3.648	0	0.0019454	0.061278	0	0	0.0102	1.073	0.27	0.53	2.25	3.05	1.04
1454	0.00688	0.28612	3.0086	0	0.0019934	0.031248	0	0.021375	0.0114	1.756	0.28	1.66	3.25	5.19	1.97
1461	0	0.32222	1.5509	0.8764	0.0088499	0.92185	0	0.028278	0.018	1.09	0.27	1.53	5.85	7.65	1.48
1468	0.00258	0.47923	0.56124	0	0.0019454	0.82809	0	0.009381	0.003	1.661	0.26	0.17	3.15	3.58	0.87
1475	0.00086	0.24195	0.27426	0	0.0077817	1.9766	0	0.003327	0.0054	2.197	0.36	1.77	2.6	4.73	0.93
1482	0.00172	0.48645	0.02232	0.1343	0	0.055064	0	0.00312	0.0066	0.986	0.14	1.52	2.65	4.31	0.97
1489	4.3e-05	0.13611	0.00372	0.0418	0.047189	0.0019312	0	0.005961	0.0162	2.44	0.34	0.28	13.15	13.77	1.33
1496	0.00086	0.55041	0.00186	0	0.063473	0.0023497	0	0.00093	0.0018	1.081	0.38	0.17	4.8	5.35	2.09
1503	0.00344	5.0169	0.00186	0	0.013793	1.9969	0	0.00372	0.048	2.232	0.5	0.22	11.5	12.22	1.58
1510	0.00086	5.0612	0.00798	0	0	13.606	0	0.03678	0	1.522	3.77	0	4.95	8.72	2.22
1518	0.00172	3.9881	0.18444	0	0	38.247	0	0	0.072	1.575	0.56	19.5	4.8	20.06	0.64
1524	0.00344	4.223	2.0801	1.2853	0	89.939	0	0	0.048	2.655	0.43	1.48	4.8	1.91	0.67
1531	0.0086	0.71732	1.462	0	0	0.12353	0	0.13043	0.0545	0.29805	0.59	1.17	4.8	6.56	1.46
1538	0.00946	0.50396	0.03738	0	0	1.9737	0	0.005817	0.0546	2.621	0.3	3.02	5.8	9.12	1.37
1546	0.00516	0.68563	0.39846	0	0	0.82597	0	0.00186	0.0465	1.09	0.69	0.25	3	3.94	1.69
1552	0	0.75275	4.8458	0.0537	0.030862	0.17578	0	0.0483	0.054	1.15	0.45	0.82	5.6	6.87	0.76
1559	0.02064	0.66972	3.7926	0.282	0.015625	0	0	0.042255	0.0468	2.335	0.66	1.64	7.7	10	2.54
1566	0	0.56341	0.51336	1.8362	0.062336	0.24707	0	0.053031	0.096	1.816	0.47	1.61	6.85	8.93	1.87
1574	0.00344	0.50342	0.29946	0.2193	0.015563	1.8984	0	0.036201	0.0228	2.227	0.39	1.74	2.1	4.23	2.16
1580	0	0.19934	1.3726	0	0.39646	0.36716	0	0.016251	0.012	2.413	0.51	0.73	3.3	4.54	0.96
1587	0.00258	0.00962	1.2519	0	0.10644	0.015296	0	0.00936	0.006	0.986	NaN	NaN	NaN	NaN	NaN
1594	8.6e-05	0.028477	2.379	0	0	0.24638	0	0.014133	0.0648	1.116	0.18	2.56	14.3	17.04	3.65
1601	0.00044	0.05298	0.31164	0	0.0618	0.10205	0	0.003027	0.0276	0.862	0.18	2.12	5.25	7.55	1.39
1608	0.00306	0.70889	0.0186	0	15.965	0.21484	0	0.00936	0.0564	1.856	0.41	0.37	7.95	8.73	3.57
1615	0.00172	4.2597	0	0.4284	0.028576	0.030591	0	0.02934	0.012	1.617	0.23	4.92	3.1	8.25	4.55
1622	0.00086	7.1294	0	3.3108	0.024778	63.063	0	0.00558	0.012	2.768	1.15	2.35	8.45	11.95	5.04
1630	0.00516	3.9593	0.00204	0	0.12345	63.941	0	0.1089	0	1.4727	NaN	NaN	NaN	NaN	NaN
1636	0.01032	1.5143	0	0.12985	0.41298	31.946	0	0.20945	0.0264	0.1773	1.11	0.91	3.7	5.72	1.49
1643	0.00946	0.43602	0	0	0	0.18358	0	0.3404	0.1025	0.659	0.91	0.12	4.4	5.43	4.51
1650	0.02882	0.029638	0.02544	0.06265	0.44051	0	0	0.098946	0.1318	0.967	0.36	8.14	2.1	10.6	4.58
1657	0.01378	0.013047	0.00558	7.6601	0.028576	0.062273	0	0.037938	0.1308	1.246	4.1	2.97	27.8	34.87	11.55
1664	0.00392	0.006695	0.00186	0	0.24804	0.030591	0	0.13654	0.104	0.136	0.77	10.99	9.95	21.71	11.9
1671	0.00176	0.007757	0	0.0989	0.0077642	0.38142	0	0.035295	0.0224	0.21	0.7	4.77	11.9	17.37	9.37
1678	0.02324	0.00981	0	0	0.49413	0.24707	0	0.44179	0.0336	0.407	NaN	NaN	NaN	NaN	NaN
1685	0.04542	0.015545	0.0078	0	0.013766	0.030591	0	0.38931	0.0536	0.182	0.53	2.92	5.15	8.6	5.82
1692	0.05848	1.0626	0.08706	0.42415	0.13378	0.24671	0	3.8747	0.478	0.207	0.87	2.91	2.95	6.73	2.4
1699	0.01032	0.20352	0.72282	0.094	0.24706	0.49413	0	0.46468	0.0258	0.21	0.16	1.41	6.15	7.72	0.85
1706	0.01118	0.14237	1.3589	0.06265	0.12451	0.99554	0	1.329	0.049	0.188	0.36	1.18	5.5	7.04	0.1
1713	0	0.10082	0.1152	7.6601	0.16014	0.19921	0	0.72072	0	0.136	0.11	2	5.25	7.36	0.4
1720	0	0.074581	0.46632	1e-06	0.061724	0.31611	0	0.01674	0.036	0.146	0.33	2.95	5.75	9.03	2.6
1727	0.00044	0.11341	1.3134	0.0989	0.055064	3.9473	0	0.18898	0.0246	0.142	0.26	1.26	8.6	10.12	1.73
1734	0.00766	0.00414	0.26274	0.51933	7.9507	0.24671	0	0.32754	0.0252	0.175	0.21	2.66	5.65	8.52	3.96
1742	0.001462	0.16913	0	1e-06	0.19089	0.22264	0	0.47237	0.1242	0.193	0.25	3.55	3.65	7.45	0.96
1748	0.00922	0.40111	0.00372	1.1685	0.018696	0.015563	0	0.68825	0.021	0.176	0.94	1.13	3.8	5.87	0.16
1756	0	0.00257	0.0093	1e-06	0.058734	0.49341	0	1.0672	0.0756	0.226	1.28	1.21	7.55	10.04	3.45
1762	4.3e-05	0.003027	0.02232	0.047	0.16601	0.66016	0	0.7719	0.138	0.19	0.22	1.27	5	6.49	1.31
1769	0	0.0017	0	0	0.1797	2.4473	0	0.393	0.0616	0.307	0.33	0.65	2.7	3.68	6.58
1776	0	0	0	0.33085	0.032051	48.894	0	1.7179	0.0438	0.36	0.54	0.54	4.65	5.73	7.43
1783	0	0	0.00744	0.21245	0.04759	20.518	0	1.8038	0.0856	0.379	1.21	1.23	4.75	7.19	5.96
1791	0	0	2.4306	0.11435	0.064101	14.114	0	1.6084	0.0834	1.098	0.36	0.38	3.95	4.69	4.43
1797	0	0	33.952	0	0.0066076	0.0076479	0	0.22473	0.0378	1.53	NaN	NaN	NaN	NaN	NaN
1804	0	0	2.6784	0.4234	0.012014	0.061183	0	0.54369	0.2436	1.505	0.78	8.92	9.2	18.9	4.67
1811	0	0	2.2779	0.2337	0	0.41298	0	0.85254	0.132	1.554	NaN	NaN	NaN	NaN	NaN
1819	0	0	4.4822	0	0.0066076	0.39769	0	4.0101	0.24	1.631	0.24	2.74	8.2	11.18	2.78
1825	0	0	4.9198	0.0564	0	0.061183	0	1.0281	0.342	1.622	0.33	3.04	8.3	11.67	0.12
1832	0	0	1.1952	0	0	0.3365	0	0.79545	0.285	1.528	0.38	3.18	8.3	11.86	1.17
1839	0	0	0	0	0.027066	5.0459	0	2.1563	0.434	1.276	0.36	1.74	12.3	14.4	0.49
1846	0	0	0.00465	0	0.040917	9.8013	0	1.9607	0.498	0.7895	0.56	0.72	10.35	11.63	0.33
1853	0	0	0.03546	0	0.068618	19.312	0	0.27912	0.4216	1.26	0.41	1.19	9.3	10.9	0.79
1860	0.0176	0	7.3716	0.3895	0.0082602	0.045887	0	0.63474	1.276	1.682	0.55	0.99	12.8	14.34	2.03
1867	0	0.0022	7.6476	0.235	0	4.0558	0	0.88032	0.248	1.283	0.26	3.48	11.15	14.89	4.01
1874	0.00882	0.006924	0.60264	0.094	0	5.3788	0	0.043164	0.2556	1.166	0.45	0	6.45	6.9	1.96
1881	0	0	0.4143	0.013	0	11.203	0	1.167	0.47866	0.991	0.43	1.59	3.65	5.67	0.82
1889	0	0	0.9828	0.067	0	4.2337	0	0.231	0.32034	0.739	0.3	4.61	11.45	16.36	2.19
1895	0	0	1.7599	0.20585	0.00088639	7.1718	0	0.27088	0.2291	0.934	0.15	2.48	7.1	9.73	0.61
1902	0	0	0.70146	1.6497	0.029152	0.038239	0	0.13699	0.39162	0.853	0.21	4.48	10.6	15.29	2.22
1366	0	0.046	4.5175	0	0.075194	0	0	0.03306	0	1.539	NaN	NaN	NaN	NaN	NaN
1373	0.01032	0.05194	1.6018	1.298	0.062253	0	0	0.03492	0.036	1.0905	NaN	NaN	NaN	NaN	NaN
1380	0.00724	0.04546	0.3513	0.3995	0.0016611	0.0048946	0	0.06798	0.012	0.6855	NaN	NaN	NaN	NaN	NaN
1387	0.003612	0.22056	0.15309	0.127	0.0023256	0.99136	0	0.011718	0	0.814	NaN	NaN	NaN	NaN	NaN
1394	0.00086	0.87622	0.09204	0	0.0077728	0.24671	0	0.03306	0	0.692	NaN	NaN	NaN	NaN	NaN
1402	0	0.91654	0.2163	0	0	3.9753	0	0.13596	0	0.7	NaN	NaN	NaN	NaN	NaN
1408	0	0.59068	3.4486	0	0	3.9548	0	0	0.072	1.176	NaN	NaN	NaN	NaN	NaN
1416	0	0.27424	6.9939	0	0	0.3457	0	0	0.072	1.565	NaN	NaN	NaN	NaN	NaN
1422	0	0.24492	4.2977	0.2068	0.00059093	0	0	0.0624	0	1.1505	NaN	NaN	NaN	NaN	NaN
1429	0.00172	0.23366	0.16944	1.1685	0.12848	0	0	0.09546	0.012	0.577	NaN	NaN	NaN	NaN	NaN
1436	0.00258	0.29226	0.0219	0	0.0029532	0.015502	0	0.03864	0	1.2555	NaN	NaN	NaN	NaN	NaN
1444	0	0.89598	1.4636	0	0.0009629	0.49977	0	0.010269	0.0084	1.462	NaN	NaN	NaN	NaN	NaN
1450	0	0.29379	4.5506	0	0.0019531	0.0077136	0	0.012108	0.0108	1.575	NaN	NaN	NaN	NaN	NaN
1457	0	0.1422	1.2683	0.0731	0.02478	0.98512	0	0.036615	0.0084	1.423	NaN	NaN	NaN	NaN	NaN
1464	0	0.14928	0	0.51935	0.0038909	1.9843	0	0	0	1.3755	NaN	NaN	NaN	NaN	NaN
1471	0.00086	0.30531	0.56688	0	0.031249	1.9843	0	0.01059	0.0048	1.929	NaN	NaN	NaN	NaN	NaN
1478	0.00688	0.23984	0.06378	0	0	0.12451	0	0.001932	0.0054	1.5915	NaN	NaN	NaN	NaN	NaN
1485	0.00086	0.24631	0.0279	0	0.0038909	0.03069	0	0.006333	0.0084	1.713	NaN	NaN	NaN	NaN	NaN
1492	0.00172	0.26765	0.00186	0.16695	0.13422	0.12402	0	0.017532	0.0072	1.7605	NaN	NaN	NaN	NaN	NaN
1499	0.00258	1.5262	0.00372	0	0.12891	0.18831	0	0.003492	0.018	1.522	NaN	NaN	NaN	NaN	NaN
1513	0	1.0942	0	0	0	63.999	0	0.00873	0.027	1.67	NaN	NaN	NaN	NaN	NaN
1520	0.0043	2.8421	0.25236	0	0	7.9375	0	0.03306	0.098	1.48	NaN	NaN	NaN	NaN	NaN
1527	0.00172	0.38777	0.93948	0	0	0.097893	0	0.08229	0.093	3.34	NaN	NaN	NaN	NaN	NaN
1534	0.01204	0.41819	0.2325	0	0	0.24638	0	0	0.42	0.29805	NaN	NaN	NaN	NaN	NaN
1541	0.00774	0.18514	0.02073	0.0209	0	2.8756	0	0.031358	0.0795	0.18555	NaN	NaN	NaN	NaN	NaN
1548	0.00086	0.63183	1.0411	0	0.062497	2.1562	0	0.026655	0.036	0.112	NaN	NaN	NaN	NaN	NaN
1555	0	0.79867	0.64892	0.329	0.12499	0.031218	0	0.03141	0.03	1.7425	NaN	NaN	NaN	NaN	NaN
1562	0	0.65029	1.7968	0.094	0.02478	0	0	0.014072	0.0408	2.0755	NaN	NaN	NaN	NaN	NaN
1569	0.00516	0.32203	0.0156	0.752	0.015625	1.6519	0	0.004329	0.0162	2.041	NaN	NaN	NaN	NaN	NaN
1577	0	0.36861	0.67422	0	0	1.9765	0	0.087411	0.0192	2.227	NaN	NaN	NaN	NaN	NaN
1583	0	0.05378	3.9775	0	0	0.061183	0	0.076533	0.0156	1.6995	0.3	0.12	3.75	4.17	1.15
1591	0	0.037887	1.0586	0.0235	0.12418	0.030591	0	0.000186	0.0336	1.051	NaN	NaN	NaN	NaN	NaN
1597	0.00476	0.037016	1.0092	0	0.030883	0.091789	0	9.3e-05	0.06	0.989	NaN	NaN	NaN	NaN	NaN
1604	0.00044	0.37715	0.08964	0.11563	4.2591	0.12237	0	0.008895	0.039	1.359	NaN	NaN	NaN	NaN	NaN
1611	0.00258	1.7239	0.00372	0.1128	3.9636	0.24671	0	0.014257	0.345	1.7365	NaN	NaN	NaN	NaN	NaN
1618	0.00258	5.7475	0	13.048	0	0.9888	0	0.03306	0	2.1925	NaN	NaN	NaN	NaN	NaN
1624	0	5.1651	0	0	1.7734	50.498	0	0.04422	0	2.1203	NaN	NaN	NaN	NaN	NaN
1632	0.01032	3.5722	0.00186	0	0.49422	38.749	0	0.18516	0.012	0.82498	NaN	NaN	NaN	NaN	NaN
1639	0.00344	1.0781	0.00186	0.4674	0	0.49341	0	0.09645	0.039	0.41815	NaN	NaN	NaN	NaN	NaN
1646	0.01462	1.8015	0.00558	0	0.027532	0.10712	0	0.29592	1.095	0.813	NaN	NaN	NaN	NaN	NaN
1653	0.02624	0.012563	0.02472	5.492	1.9749	0.12335	0	0.018783	0.0722	1.1065	NaN	NaN	NaN	NaN	NaN
1660	0.01858	0.009591	0.00372	1.8176	0.24946	0.12455	0	0.055017	0.2386	0.691	NaN	NaN	NaN	NaN	NaN
1667	0.00306	0.02128	0	0.094	0.39451	0.091789	0	0.022452	0.0338	0.261	NaN	NaN	NaN	NaN	NaN
1674	0.0099	0.005947	0.00372	1.0387	0	0.49412	0	0.16952	0.0562	0.312	NaN	NaN	NaN	NaN	NaN
1681	0.02194	0.00936	0	0	0.055064	0.10205	0	1.0069	0.0596	0.45	NaN	NaN	NaN	NaN	NaN
1688	0.04558	0.066305	0.02154	1.1685	0.015442	0.24671	0	0.89062	0.0534	0.149	NaN	NaN	NaN	NaN	NaN
1695	0.02494	0.17548	0.32112	0	7.9507	0.24671	0	1.1172	0.0376	0.207	NaN	NaN	NaN	NaN	NaN
1703	0.01462	0.14801	1.2841	1e-06	0.19089	0.22264	0	1.146	0.036	0.356	NaN	NaN	NaN	NaN	NaN
1709	0	0.054058	0.38172	5.492	0.018696	0.015563	0	0.28109	0.024	0.2	NaN	NaN	NaN	NaN	NaN
1716	0	0.13458	0.72072	1.8176	0.058734	0.49341	0	1.8915	0.0186	0.183	NaN	NaN	NaN	NaN	NaN
1723	0	0.063706	0.46884	0.094	0.16601	0.66016	0	0.11265	0.0126	0.12	NaN	NaN	NaN	NaN	NaN
1730	0	0.15017	0.94122	1.0387	0.13378	0.24671	0	2.8944	0.612	0.16	NaN	NaN	NaN	NaN	NaN
1737	4.3e-05	0.07424	0.75462	1e-06	0.24706	0.49413	0	1.7582	0.276	0.245	NaN	NaN	NaN	NaN	NaN
1744	0.000215	0.18079	0	1e-06	0.12451	0.99554	0	3.0777	0.0228	0.17	NaN	NaN	NaN	NaN	NaN
1751	0.002322	0.0043	0	0.42415	0.16014	0.19921	0	1.6215	0.4464	0.674	NaN	NaN	NaN	NaN	NaN
1758	0.0075	0	0.02676	0.094	0.061724	0.31611	0	1.963	0.0384	0.179	NaN	NaN	NaN	NaN	NaN
1765	0.00258	0.017434	0	1e-06	0.055064	3.9473	0	1.4784	0.0156	0.274	NaN	NaN	NaN	NaN	NaN
1772	0.00258	0.004634	0	0	0.1371	0.018654	0	2.4502	0.3674	0.388	NaN	NaN	NaN	NaN	NaN
1778	0	0	0	0.35055	0.0074784	26.63	0	1.2011	0.0612	0.368	NaN	NaN	NaN	NaN	NaN
1786	0	0	0.1032	0	0.1282	27.066	0	2.4973	0.1686	1.159	NaN	NaN	NaN	NaN	NaN
1793	0	0	4.9302	0.2287	0	1.1625	0	0.19195	0.0089	1.327	NaN	NaN	NaN	NaN	NaN
1800	0	0	12.836	0	0	0.061183	0	0.67784	0.0312	1.456	NaN	NaN	NaN	NaN	NaN
1807	0	0	1.3727	0	0.016519	0.076478	0	0.78961	0.108	1.505	NaN	NaN	NaN	NaN	NaN
1814	0	0	2.5475	0	0	0.32121	0	1.7712	0.18	1.908	NaN	NaN	NaN	NaN	NaN
1821	0	0	5.2402	0.0282	0.0033038	0.22943	0	2.2246	0.2361	1.354	NaN	NaN	NaN	NaN	NaN
1828	0	0	5.2456	0	0.0082602	0.061183	0	2.5411	0.432	1.676	NaN	NaN	NaN	NaN	NaN
1835	0	0	0.0093	0	0.013215	0.29062	0	1.545	0.512	1.472	NaN	NaN	NaN	NaN	NaN
1842	0	0	0	0	0.040917	9.8013	0	1.6157	0.68	0.85	NaN	NaN	NaN	NaN	NaN
1849	0	0	0.004371	0	0.054767	14.557	0	1.1977	0.3889	0.729	NaN	NaN	NaN	NaN	NaN
1856	0.19452	0	3.8803	0	0.19823	16.678	0	0.55902	0.922	0.441	NaN	NaN	NaN	NaN	NaN
1863	0	0.01032	12.864	0.7011	0.0066076	0.010197	0	0.78165	0.564	1.874	NaN	NaN	NaN	NaN	NaN
1870	0	0	2.9109	0.228	0	13.214	0	0.15274	0.1245	2.118	NaN	NaN	NaN	NaN	NaN
1877	0	0.001467	0.19524	0.04	0	11.953	0	0.18741	0.1068	1.192	NaN	NaN	NaN	NaN	NaN
1884	0	0	2.918	0.0265	0	8.7516	0	1.797	0.656	0.78	NaN	NaN	NaN	NaN	NaN
1891	0	0	1.0865	0.094	0	4.0464	0	0.1374	0.23578	0.93	NaN	NaN	NaN	NaN	NaN
1898	0	0	0.6417	0.094	0	0.13766	0	0.385	0.3756	0.69	NaN	NaN	NaN	NaN	NaN
1905	0	0	0.49824	0.82483	0.025589	1.4569	0	0.32274	0.62868	0.24368	NaN	NaN	NaN	NaN	NaN
1912	0.0086	0	0.23766	0.06265	0.088102	11.412	0	0.6114	3.626	0.66034	NaN	NaN	NaN	NaN	NaN
1919	0.02924	0	1.7948	0	0.011013	14.923	0	0.86079	0.008	1.077	NaN	NaN	NaN	NaN	NaN
1927	0	0	0	0.2337	0.0066076	0.25493	0	0.17063	0.588	0.569	NaN	NaN	NaN	NaN	NaN
1940	0.04214	0	0.03198	0	0.13215	2.1108	0	0.050481	0.082	0.391	0.16	1.1	7.95	9.21	1
1947	0.0645	0	0.04866	0	0.013215	2.998	0	0.13292	0.366	0.642	NaN	NaN	NaN	NaN	NaN
1954	0.0172	0	0.1446	0.13425	0	0.022638	18.515	0.18023	0.55012	0.588	NaN	NaN	NaN	NaN	NaN
1961	0.08772	0	0	0.188	0	0.045887	417.72	0.25615	0.814	1.138	NaN	NaN	NaN	NaN	NaN
1968	0.0129	0	0	0.4324	0	30.285	2.9526	0.25644	0.523	0.9	NaN	NaN	NaN	NaN	NaN
1975	0.0129	0	0	0	0	46.085	0	0.67365	0.6	0.81	NaN	NaN	NaN	NaN	NaN
1982	0.00559	0	0.00279	0	0	66.275	0	0.29055	0.494	0.49	NaN	NaN	NaN	NaN	NaN
1989	0	0	0.92076	0.047	0	73.298	0	0.9708	0.432	0.226	NaN	NaN	NaN	NaN	NaN
1996	0.028774	0.027754	2.6505	1.4872	0.033038	42.135	0	0.004401	0.0066	0.255	NaN	NaN	NaN	NaN	NaN
2003	0.00516	0	2.8377	0	0.06057	25.342	0	0.9908	0.408	0.499	NaN	NaN	NaN	NaN	NaN
2010	0	0	1.1632	0.12535	0.088102	8.5494	19.092	1.4039	0.34	0.826	NaN	NaN	NaN	NaN	NaN
2017	0.0043	0	4.8969	0.389	0.11013	0.061183	23.976	1.3452	0.67	0.617	NaN	NaN	NaN	NaN	NaN
2024	0.0043	0	2.7006	3.0381	0	0	58.386	0.7098	0.25	0.569	0.38	1.29	1.5	3.17	0.88
2032	0.01806	0	1.4052	1.0976	0	0	18.604	0.16902	0.918	0.5455	NaN	NaN	NaN	NaN	NaN
2038	0.07384	0	1.6384	0.084	0	0	0	2.7844	0.696	0.43	NaN	NaN	NaN	NaN	NaN
2045	0.06376	0	0.96756	0.22325	0.52349	0	10.567	1.3772	0.616	0.244	NaN	NaN	NaN	NaN	NaN
2052	0.01806	0	2.3815	0.47	0.60896	0	9.5904	0.78912	0.912	0.27	NaN	NaN	NaN	NaN	NaN
2059	0.0737	0	0.25884	0.701	0.46914	0.0012237	35.209	0.62298	0.146	0.33	NaN	NaN	NaN	NaN	NaN
2066	0.0957	0	0.0636	0.78036	0.00048349	0.24779	8.1474	0.38535	0.152	0.496	NaN	NaN	NaN	NaN	NaN
2073	0.1814	0	0.02046	1.4457	0.12554	0.045887	4.3068	0.1653	0.024	0.435	NaN	NaN	NaN	NaN	NaN
2080	0.10528	0	0.01302	0.44411	0.55064	0	2.4864	0.31572	0.036	0.606	NaN	NaN	NaN	NaN	NaN
2087	0.23898	0.0038	0.16296	0.30306	0.26578	0	7.437	0.25332	0.074	0.868	NaN	NaN	NaN	NaN	NaN
2094	0.058266	0	0.04332	0.12535	0.039646	0.061183	13.808	0.083389	0.10002	0.486	NaN	NaN	NaN	NaN	NaN
2101	0.07404	0	0.09444	0.245	0	0.045887	3.5076	0.080915	0.04604	0.534	NaN	NaN	NaN	NaN	NaN
2107	0.12296	0.40416	0.0915	0.10965	0	0.061183	2.2644	0.21924	0.198	0.402	NaN	NaN	NaN	NaN	NaN
2001	0	0	0.063336	0	0.046804	33.739	0	0.5451	0.611	0.602	0.34	6.3	21.3	27.94	2.3
2007	0	0	0.44712	0	0.074336	16.946	0	0.80652	0.204	0.743	0.21	0.75	12.65	13.61	0.76
2014	0	0	1.6667	0	0.099115	0.15296	41.292	1.2467	0.084	0.786	0.06	1.26	11.25	12.57	0.9
2021	0	0	0.84975	1.1685	0	0	6.882	2.991	0.5	0.828	0.37	5.01	9.95	15.33	1.18
2027	0.0043	0	1.8972	0.0376	0	0.015296	0	0.7821	0.26	0.764	NaN	NaN	NaN	NaN	NaN
2035	0.01634	0.00172	0.95184	0.45825	0	0	0	0.27192	0.822	0.522	0.22	1.47	1.05	2.74	1.75
2042	0.02944	0	1.9275	0.47	0	0.076478	29.548	0.96804	0.522	0.332	0.19	1.27	3	4.46	0.88
2049	0.07016	0	2.6949	0.4324	0.58332	0.0060659	10.478	0.2835	0.724	0.256	1.26	1.84	0.5	3.6	1.09
2056	0.04788	0	1.1079	0.779	0.19319	0.0061183	47.774	0	0.008	0.368	0.14	1.89	0.4	2.43	1.93
2063	0.09614	0	0.15288	0.68935	0.00096697	0.18171	9.0576	0.4587	0.302	0.285	0.15	1.27	0.5	1.92	0.78
2070	0.14098	0	0.03012	0.87138	0	0.14684	7.2372	0.56718	0.072	0.37	0.22	3.09	5.1	8.41	0.72
2077	0.15834	0	0.0039	0.98852	0.1751	0	1.6872	0.47916	0.072	0.666	0.19	2.63	4.2	7.02	0.69
2084	0.13114	0	0.00372	0.33116	0.46117	0.061183	5.55	0.19278	0.132	0.486	0.7	3.12	5.95	9.77	1.04
2091	0.09232	0	0.06918	0.27495	0.070384	0.030591	9.324	0.01245	0.0858	0.77	0.42	2.18	4.2	6.8	0.87
2099	0.03132	0	0.07176	0.16115	0	0	4.0404	0.080748	0.0216	0.626	NaN	NaN	NaN	NaN	NaN
2105	0.0344	0	0.05226	0.1875	0	0.030591	6.3492	0.1149	0.158	0.468	0.51	0.5	0.25	1.26	0.36
2112	0.048134	0.0061	0.05022	0.45955	0.088102	0.045887	3.6852	0.019464	0.0732	0.366	0.29	2.83	2.6	5.72	0.4
2118	0.34266	0	0.08673	0.68338	0.084955	0.030591	11.544	0.007356	0.0164	0.522	0.22	2.79	4.8	7.81	0.42
2126	0.13268	0	0.02232	6.0592	0.23127	0.12237	19.358	0.022305	0.0474	0.434	0.3	1.41	11.1	12.81	1.37
2133	0.02172	0	0.07584	0	0.25487	0.12237	22.511	0.16572	0.15	0.5185	0.2	1.84	4.7	6.74	0.64
2140	0.04072	0	0.0351	1.0603	0.9949	0.12237	12.61	0.26634	0.072	0.691	0.49	8.2	7.35	16.04	2.07
2148	0.018667	0	1.8089	0.03915	0.0082602	0	339.26	0.014124	0.0066	1.062	0.55	4.8	16.9	22.25	2.52
2154	0.01896	0.004547	0.02604	0.0418	0.16219	0.22179	392.27	0.030036	0.0654	0.612	0.53	1.82	2.8	5.15	1.78
2161	0.033268	0.006971	0.02418	0.12925	0.033038	0.030591	1535.4	0.008886	0.1124	0.589	1.3	3.53	8.5	13.33	2.38
2168	0.055268	0.017821	0.04839	0.20367	0.49528	0.030591	57.809	0.04833	0.0586	0.434	3.15	6.75	12.5	22.4	2.97
2175	0.043277	0.025101	0.06138	0.062675	0.56932	0.07138	84.893	0.008286	0.0088	0.71441	2.86	5.48	11.45	19.79	3.16
2182	0.01724	0.13909	0.0093	0	0.7174	0.091774	144.08	0.065811	0.0252	0.46675	0.2	2.08	1	3.28	10.4
2188	0.02982	1.5376	0.015465	0	0.022025	0.061183	2.3088	0.1434	0.192	0.57073	4.41	0.01	0.6	5.02	0.15
2196	0.000845	0.061061	0.01245	0	0.038552	0.3671	16.783	0.000186	0	0.26498	10.33	8.53	134.7	153.56	0.63
2203	0.026928	0.12656	0.0009765	0	0.01982	0.29857	0	0.010455	0.0078	0.57055	9.82	1.8	83.95	95.57	0.36
2210	0.023943	0.13027	0.000372	0	0.015423	0.52005	0	0.007335	0.0024	0.17021	10.24	0.52	8.05	18.81	0.07
2217	0.025081	0.033685	0.001581	0	0.12802	0.61183	0	0.006054	0.0054	0.57586	44.32	10.35	5.95	60.62	0.09
2224	0.028774	0.027754	0.007803	0.0535	0.099115	2.2943	0	0.004401	0.0066	0.47281	0.57	89.63	3.05	93.25	0.12
2231	0.00926	0.1385	0.4815	0	0	6.8763	0	0.005868	0.0012	NaN	0.57	41.04	5.45	47.06	0.07
2238	0.00476	0.10809	2.2059	0.04	0	9.9908	0	0.004401	0	NaN	1.52	28.8	3.45	33.77	0.34
2245	0.00044	0.036078	2.8128	0.0135	0.013218	5.1239	0	0.00156	0.0018	NaN	0.34	11	11.8	23.14	0.04
2252	0.010874	0.010549	0.9711	0	0.0064606	0.30591	0	0.001467	0.0012	0.81105	0.41	1.17	2.45	4.03	0.43
2259	0.024974	0.005539	0.29079	0	0.033038	0.38239	0	0.01526	0.0009	0.20185	0.33	1.82	2.5	4.65	0.33
2266	0.00432	0.00346	0.02808	0	0.011013	0.030591	0	0.008265	0	0.31824	0.21	1.15	4.5	5.86	0.27
2273	0.036642	0.0039585	0.00372	0.6283	0.033604	0.18355	0	0.012945	0.0015	0.50918	0.88	2.91	0.3	4.09	0.1
2280	0.00172	0.00044	0	0.27697	0.042948	1.6825	0	0.002025	0	0.37507	1.92	17.02	165.6	184.54	0.81
2287	0.001467	0	0	0.215	0.024782	0.091774	0	0.001932	0	0.1964	25.02	43.64	126	194.66	0.07
2294	0.01296	0	0	0.042	0.16519	0.27532	0	0.000558	0.0012	0.3887	1.4	58.59	4.9	64.89	4.48
2301	0.02021	0	0.01674	0.015675	0.038545	0.12237	0	0.27641	0.1119	0.37279	0.47	71.63	5.35	77.45	1.42
2308	0.013392	0.0007335	0.005115	1.357	0	0	124.41	0.010363	0.0031	0.27959	0.51	41.24	8.25	50	0.27
2315	0.010778	0	0.004704	2.6391	0.0076198	0.82597	0.5328	0.028917	0	0.28369	0.29	18.24	4.6	23.13	0.21
2322	0.00427	0	0.000279	2.3845	0	0	0.7104	0.042	0.0018	0.32127	6.32	29.23	0.3	35.85	0.21
2329	0.011616	0.018813	0.000558	2.7013	0.15642	0.24473	1.0434	0.049167	0	0.19094	8.87	28.88	0.25	38	0.31
2336	0.019383	8.6e-05	9.3e-05	0.6424	0.066076	0.030591	6.216	0.23514	0	0.20079	16.17	13.15	0.45	29.77	0.15
2343	0.02028	0.000215	0	0.3505	0.12885	0.091774	0	0.074934	0.0006	0.22731	NaN	NaN	NaN	NaN	NaN
2350	0.013878	4.3e-05	0.000744	0.0425	0	0.1003	0.222	0.010518	0	0.15571	45.9	0	86.6	132.5	0.07
2356	0.013445	0.0004895	0.003162	0.094	0	0.062493	0	0.010249	0.0003	0.30915	NaN	NaN	NaN	NaN	NaN
2116	0.1954	0.00305	0.0909	1.2946	0.28908	0	7.6146	0.01341	0.0448	0.42	NaN	NaN	NaN	NaN	NaN
2122	0.08526	0	0.08256	0.78208	0	0.15296	90.176	0.003213	0.044	0.312	NaN	NaN	NaN	NaN	NaN
2129	0.04824	0	0.18	3.2402	0.44932	0	34.099	0.15498	0.344	0.639	NaN	NaN	NaN	NaN	NaN
2135	0.02172	0	0.06183	4.292	0.37664	0.39769	39.294	0.13968	0.198	0.398	NaN	NaN	NaN	NaN	NaN
2143	0.06048	0	1.6788	0.1398	0.024779	0	13.498	0.08565	0.048	0.8765	NaN	NaN	NaN	NaN	NaN
2150	0	0.00085	0.3162	0.040475	0.085227	0.030591	365.77	0.031563	0.0222	0.741	NaN	NaN	NaN	NaN	NaN
2157	0.018861	0.00085	0.06396	0.376	0.066076	0.41298	601.09	0.025386	0.015	0.6005	NaN	NaN	NaN	NaN	NaN
2164	0.027474	0.021267	0.08946	0.12535	0.42124	0.19884	203.35	0.028815	0.0444	0.514	NaN	NaN	NaN	NaN	NaN
2171	0.051343	0.024412	0.04092	0.064625	0.56932	0.050986	73.216	0.062847	0.0528	0.92744	NaN	NaN	NaN	NaN	NaN
2178	0.04815	0.11167	0.02697	0.031337	0.64336	0.07138	162.73	0.21273	0.166	1.2981	NaN	NaN	NaN	NaN	NaN
2185	0.02353	0.83833	0.00744	0	0.39646	0.11217	73.193	0.10461	0.1086	0.94562	NaN	NaN	NaN	NaN	NaN
2192	0.04312	0.55561	0.02349	0	0.055064	0.45887	2.7972	0.03864	0.018	0.56828	NaN	NaN	NaN	NaN	NaN
2199	0.013886	0.093811	0.000279	0	0.029186	0.16886	8.3916	0.0053205	0.0039	0.51373	NaN	NaN	NaN	NaN	NaN
2207	0.020141	0.12905	0.001674	0.58425	0.10324	0.42828	0	0.024939	0.0042	0.2455	NaN	NaN	NaN	NaN	NaN
2213	0.015258	0.073858	0.001395	0	0.015013	0.3671	0	0.004401	0.0018	0.23822	NaN	NaN	NaN	NaN	NaN
2220	0.05335	0.041719	0.001728	3.895	1.707	1.7437	0	0.004494	0.0024	0.49327	NaN	NaN	NaN	NaN	NaN
2227	0.07575	0.044563	0.063336	0.013	0	8.7862	0	0.004401	0.0018	NaN	NaN	NaN	NaN	NaN	NaN
2234	0.008747	0.058188	3.6413	0.013	0	6.7906	0	0	0.0006	NaN	NaN	NaN	NaN	NaN	NaN
2241	0.001467	0.055911	1.5822	0.027	0	5.7803	0	0	0.0006	NaN	NaN	NaN	NaN	NaN	NaN
2248	0.00088	0.011315	2.5149	0	0.008256	2.814	0	0.001467	0.0006	NaN	NaN	NaN	NaN	NaN	NaN
2255	0	0.006294	1.2792	0	0	0.58124	0	0.004587	0.0006	0.1964	NaN	NaN	NaN	NaN	NaN
2262	0.049948	0.004784	0.15943	0	0.022025	0.55064	0	0.025932	0.0012	0.34097	NaN	NaN	NaN	NaN	NaN
2269	0.019394	0.006627	0.00558	0.0375	0.46253	0.091774	0	0.003771	0.0006	0.34324	NaN	NaN	NaN	NaN	NaN
2275	0.05389	0.00129	0.00186	0.4465	0	0.84126	0	0.022119	0.0024	0.40916	NaN	NaN	NaN	NaN	NaN
2283	0.006547	0	0.00372	0.10743	0.085896	0.88715	0	0.00156	0	0.14207	NaN	NaN	NaN	NaN	NaN
2290	0.00132	0	0.03348	1.504	0.05782	0.091774	0	0.001746	0.0006	0.36597	NaN	NaN	NaN	NaN	NaN
2297	0.0098	0	0	0.021	0.03776	0.12237	6.1272	0.001302	0	0.32733	NaN	NaN	NaN	NaN	NaN
2303	0.017281	0	0.00744	0.075	0.022025	0.061183	186.35	0.01149	0.005	0.32506	NaN	NaN	NaN	NaN	NaN
2311	0.009504	0.001467	0.00279	15.171	0.0038099	0.41298	62.471	0.009237	0.0012	0.25232	NaN	NaN	NaN	NaN	NaN
2318	0.003967	0	0.000585	28.985	0.066076	0.030591	1.0878	0.021045	0.0006	0.17943	NaN	NaN	NaN	NaN	NaN
2325	0.007865	0.003622	0.000744	0.467	0	0.52005	0	0.11222	0	0.33036	NaN	NaN	NaN	NaN	NaN
2332	0.005602	0	0.000186	1.6719	0.11125	0.13766	3.6297	0.3618	0.0024	0.16973	NaN	NaN	NaN	NaN	NaN
2339	0.023576	0.006174	0	0	0.14041	0.30591	1.3986	0.19671	0.0012	0.23186	13.9	2.74	9.45	26.09	0.36
2346	0.016588	4.3e-05	9.3e-05	0.055	0.063324	0.12237	0.444	0.013236	0	0.21095	NaN	NaN	NaN	NaN	NaN
2353	0.011665	0.000979	0.002511	0.075	0	0.10401	0.3552	0.015756	0	0.28836	NaN	NaN	NaN	NaN	NaN
2361	0.015225	0	0.003813	0.188	0	0.12446	0	0.004743	0.0006	0.40916	NaN	NaN	NaN	NaN	NaN
2367	0.014434	0	0.0033945	0.21933	0	0.12617	0	0.010807	0.0018	0.50918	NaN	NaN	NaN	NaN	NaN
2374	0.00788	0.002157	0.002697	0.12533	0	0.14577	0	0.023514	0.0066	0.22731	NaN	NaN	NaN	NaN	NaN
2381	0.029446	0	0.003906	0.094	0	0.17437	0	0.042843	0.0132	0.26823	NaN	NaN	NaN	NaN	NaN
2388	0.013378	0	0.000279	0.05875	0	0.1554	0	0.12715	0.0024	0.1773	NaN	NaN	NaN	NaN	NaN
2395	0.010447	0	0.000744	0.1074	0	0.084782	0.3108	0.11525	0.003	0.12843	NaN	NaN	NaN	NaN	NaN
2402	0.01671	0	0.001488	0.35055	0	0.12481	0	0.041439	0.0012	0.19458	NaN	NaN	NaN	NaN	NaN
2409	0.010047	0	0.003348	0.08225	0	0.53351	0	0.020673	0	0.15275	NaN	NaN	NaN	NaN	NaN
2416	0.005975	0	0.00066	1.504	0.066076	0.012237	0.222	0.000558	0	0.099108	NaN	NaN	NaN	NaN	NaN
2423	0.00412	0	0.002418	0.06835	0.055064	0.030591	0.2664	0.001209	0	0.10608	NaN	NaN	NaN	NaN	NaN
2430	0.000946	0.00176	0.00372	0.29245	0.033038	0.061183	0	0.007449	0	0.13119	NaN	NaN	NaN	NaN	NaN
2437	0.00172	0	0.01488	0.15275	0.023127	0.061183	0	0.015363	0	0.25277	NaN	NaN	NaN	NaN	NaN
2444	0.00336	0	0.0093	0.04	0	4.1856	0	0.013122	0.0006	NaN	NaN	NaN	NaN	NaN	NaN
2451	0	NaN	NaN	0.0535	0	3.1273	0	0	0	NaN	NaN	NaN	NaN	NaN	NaN
2371	0.013644	0	0.002976	0.25067	0	0.12787	0	0.016872	0.003	0.39098	1.11	10.38	7.4	18.89	0.04
2378	0.009588	0.001988	0.003627	0	0	0.16366	0	0.008286	0.0006	0.26823	0.5	1.48	11.95	13.93	0.21
2385	0.022125	0	9.3e-05	0.076375	0	0.16489	0	0.077196	0.0012	0.18731	0.9	9.33	6	16.23	0.28
2392	0.005762	0	0.000279	0.047	0	0.45432	0	0.025653	0.0012	0.12502	1.26	0.07	6.35	7.68	0.42
2399	0.01195	0	0.000837	0.33385	0	0.070237	0	0.004143	0.0006	0.014548	1.78	0.29	10.5	12.57	0.1
2406	0.005641	0	0.001581	0.188	0	0.27532	0	0.000465	0.0012	0.11184	0.83	0	19.1	19.93	0.06
2413	0.010889	0	0.001488	0.10965	0.10572	0.045887	0	0.015714	0.0006	0.11593	1.2	0	29.8	31	0.16
2420	0.0050475	0	0.001539	0.0705	0.059469	0.061183	0	0.0008835	0	0.24732	0.59	0.69	23.45	24.73	2.46
2427	0.001386	0	0.002046	0.0235	0.044051	0.030591	0.7992	0.013824	0	0.12389	0.07	3.02	7.05	10.14	0.48
2434	0.00129	0	0.01023	0.21485	0.12665	0.27532	14.674	0.023928	0.0006	0.15033	0.18	9.03	6.8	16.01	0.6
2441	0.00044	0	0.01134	0.0535	0.070797	3.7482	0	0.054324	0.0012	NaN	0.21	36.01	7.95	44.17	1.25
2448	0.0676	0	0.00186	0.067	0	4.0329	0	0.021057	0	NaN	2.09	0	8.45	10.54	0.67
2456	0.00494	0	0.00279	0.04	0	0	0	0.25653	0.0006	NaN	0.18	5.34	5.95	11.47	0.39
2462	0.00972	0	0.000279	0.0564	0.13215	0.061183	0	0.012357	0.0042	0.13699	0.49	0.68	8.4	9.57	0.49
2469	0.001758	0	0	0.02565	0.11839	0.23453	2.8194	0.021687	0	0.18367	0.24	1.85	4.6	6.69	0.45
2476	0.00344	0.00044	0.00093	0.1504	0.039646	0.30591	0	0.005073	0	0.14548	0.11	5.66	2.19	7.96	0.57
2483	0.00488	0	0.000651	0.19307	0	0	0	0.071823	0	0.1307	0.19	0.75	14.9	15.84	0.52
2490	0.002674	0.0017	0.001125	0.19845	0.033038	0.010197	5.1726	0.015714	0	0.1576	0.17	1.58	1.3	3.05	0.51
2497	0.007581	0.00085	0.000957	0	0	0	3.108	0.004794	0.0024	0.15003	0.23	4.99	2.35	7.57	0.48
2492	0.00254	0	0.000483	0	0	0	5.55	0.014691	0.0006	0.11934	NaN	NaN	NaN	NaN	NaN
2499	0.00857	0	0.001488	0.58425	0.13215	0.27532	0	0.002304	0	0.12616	NaN	NaN	NaN	NaN	NaN
2507	0.002734	0	0.002055	0	0.10572	0.12237	0.9546	0.009009	0	0.16439	NaN	NaN	NaN	NaN	NaN
2515	0.001353	0	0.002073	0	0.13215	0.061183	0	0.000186	0	0.14427	NaN	NaN	NaN	NaN	NaN
2521	0.047203	0	0.028254	0.01565	0.11976	0.18967	0	0.005517	0	0.11526	NaN	NaN	NaN	NaN	NaN
2528	0.10751	0	0.38376	0	0.019823	0.16825	0	0.005538	0	0.14019	NaN	NaN	NaN	NaN	NaN
2535	0.046388	0	0.047409	0.0134	0.12271	7.4256	0	0.00405	0	0.14249	NaN	NaN	NaN	NaN	NaN
2542	0.001731	0	0.035571	0	0	7.551	0	0.000372	0	0.21965	NaN	NaN	NaN	NaN	NaN
2549	0.00362	0	0.10746	2.9649	0.27532	0.12237	0	0	0	0.1082	NaN	NaN	NaN	NaN	NaN
2556	0.004953	0.00044	0.023898	0.34465	0.033038	0.16825	0	0.005424	0	0.14063	NaN	NaN	NaN	NaN	NaN
2563	0.00172	0	0.12423	0	0	0	0	0.00405	0	0.14184	NaN	NaN	NaN	NaN	NaN
2570	0.00388	0	0.39576	0.58425	0.074336	0.45887	9.2796	0.021561	0	0.1673	NaN	NaN	NaN	NaN	NaN
2577	0.00347	0	0.11319	0	0.10462	0.27532	0	0.011013	0	0.2455	NaN	NaN	NaN	NaN	NaN
2584	0.004386	0	0.042369	0	0.033038	0.52005	11.233	0.022047	0	0.10391	NaN	NaN	NaN	NaN	NaN
2591	0.00257	0	0.014427	0	0.075988	0.022943	5.0172	0.008358	0	0.085576	NaN	NaN	NaN	NaN	NaN
2598	0.007313	0	0.019338	0.0235	0.0082595	0.16825	0	0.007263	0.0006	0.10638	NaN	NaN	NaN	NaN	NaN
2605	0.013656	0	0.030249	0	0.10572	0.061183	0	0.00717	0.0006	0.18912	NaN	NaN	NaN	NaN	NaN
2613	0.0048025	0	0.057487	0	0.036709	0.091774	0	0.0045975	0.0009	0.09638	NaN	NaN	NaN	NaN	NaN
2619	0.023027	0	0.13337	0.7144	0.079292	4.7262	0	0.022842	0.0018	NaN	NaN	NaN	NaN	NaN	NaN
2626	0.002475	0	0.002091	0	0	3.6984	8.5692	0.000372	0	NaN	NaN	NaN	NaN	NaN	NaN
2633	0.000913	0	0.003336	0.062665	0.011013	6.9307	23.399	0.003771	0	NaN	NaN	NaN	NaN	NaN	NaN
2640	0.002519	0	0.001311	0	0.039646	0.061183	0	0.000465	0.0006	0.15275	NaN	NaN	NaN	NaN	NaN
2647	0.006738	0	0.001785	0	0.11563	0.030591	0	0.007986	0.0012	0.088144	NaN	NaN	NaN	NaN	NaN
2654	0.004826	0	9.3e-05	3.572	0.099115	0	0	0.023163	0.0006	0.061829	NaN	NaN	NaN	NaN	NaN
2512	0.001086	0	0.002535	0	0.11413	0.030591	0	0.006705	0	0.10093	0.22	6.41	18.05	24.68	0.36
2518	0.02193	0.00085	0.011625	0.007825	0.12596	0.12542	0	0.003864	0	0.19559	0.08	2.85	2.65	5.58	0.94
2525	0.0013	0	0.20928	0.007825	0.069793	0.17896	0	0.001023	0	0.14813	0.22	1.09	2.5	3.81	1.04
2532	0.00608	0	0.114	0.0067	0.071267	3.7969	0	0.002211	0	0.10391	0.11	1.12	2.95	4.18	0.96
2539	0.003525	0	0.033273	0	0	8.4769	0	0	0	0.18107	0.08	0.95	9.45	10.48	0.4
2546	0.00219	0	0.020967	0	0.026431	4.0214	0	0.000744	0	0.25823	0.04	2.85	7.95	10.84	0.37
2553	0.008142	0	0.021033	1.6548	0.15418	0.14531	0	0.001746	0	0.13457	0.26	4.17	8.8	13.23	0.54
2560	0.001376	0	0.016134	0	0	0	0	0.000465	0	0.11547	0.07	1.41	6.1	7.58	0.12
2567	0.00696	0	0.41172	0	0.066076	0.3518	13.853	0.00903	0	0.10093	0.14	4.44	2.05	6.63	0.06
2574	0.031652	0	0.09732	0.1645	0.13628	0.058565	0	0.003492	0	0.098199	0.13	1.54	11.65	13.32	0.3
2581	0.006074	0	0.066735	0	0.06883	0.39769	5.6166	0.016344	0	0.17471	0.11	2.44	8.05	10.6	0.48
2588	0.001751	0	0.038922	0	0.11894	0	10.034	0.029661	0	0.12366	0.39	3.72	6.15	10.26	0.27
2595	0.019241	0	0.012246	0.2632	0.033038	0.045887	0	0.001581	0	0.089855	2.97	2.11	4.3	9.38	1.21
2602	0.11251	0	0.024357	0	0.077089	0.091774	0	0.018162	0.0012	0.76619	0.11	2.73	4.5	7.34	0.03
2609	0.00063	0	0.042717	0	0.071216	0.076478	0	9.3e-05	0.0018	0.14275	0.05	1.56	21.2	22.81	0.03
2616	0.008975	0	0.072258	0.3572	0	0	0	0.009102	0	0.16585	0.16	1.28	3	4.44	0.04
2623	0.012176	0	0.009696	0	0	4.7119	0	0.001839	0	NaN	0.07	2.48	3.15	5.7	0.07
2630	0.00413	0	0.001953	0	0	4.8541	0	0.00936	0	NaN	0.11	1.97	2.05	4.13	0.31
2637	0.006314	4.3e-05	0.002787	0.59527	0.082595	0.061183	26.684	0.008823	0	0.13699	0.14	1.27	3.4	4.81	0.24
2644	0.004479	0	0.002622	0	0.011013	0.061183	0	0.012294	0	0.10495	0.15	0.66	10.1	10.91	0.12
2651	0.005551	0	0.000855	0	0.066076	0	0	0.016344	0.0006	0.19276	0.09	1.61	12	13.7	0.09
2658	0.006896	0	0.000186	1.786	0.13215	0.13766	0.85348	0.038556	0.0012	0.15275	0.15	0.52	8.5	9.17	0.04
