Day	Cyclopoids	Calanoid_copepods	Rotifers	Protozoa	Nanophytoplankton	Picophytoplankton	Filamentous_diatoms	Ostracods	Harpacticoids 	Bacteria	
NaN	NaN	NaN	NaN	NaN	NaN	NaN	NaN	NaN	NaN	NaN
NaN	NaN	NaN	NaN	NaN	NaN	NaN	NaN	NaN	NaN	NaN
7.7	0.027717	1.903	7.6392	NaN	0.2119	1.9949	0	0	0	1.6281
11.05	0.016979	0.90206	3.5231	NaN	0.19138	1.5954	0	0.0024277	0	1.2374
14.4	0.0064838	0.21998	0.9934	NaN	0.12611	0.46774	0	0.0041304	0	0.8791
17.75	0.013655	0.21707	0.21386	NaN	0.26168	0.037273	0	0.0014139	0	0.69641
21.1	0.010019	0.17682	0.023964	NaN	1.379	0.031183	0	0.022598	0	0.58882
24.45	0.00845	0.14371	0.011873	NaN	5.788	0.031063	0	0.013817	0	0.59297
27.8	0.032264	0.090709	0.035863	NaN	8.6431	0.025466	0	0.014954	0	0.79768
31.15	0.050344	0.075551	2.7079	NaN	11.975	0.015863	0	0.026252	0	0.90277
34.5	0.015359	0.15614	12.839	NaN	11.102	0.01287	0	0.018429	0	0.85617
37.85	0.013834	0.19938	14.349	NaN	0.29379	0.011724	0	0.0024379	0	1.1425
41.2	0.014334	0.27696	3.9391	NaN	0.11305	0.03059	0	0.00077845	0	0.90466
44.55	0.0023806	0.17425	0.057053	NaN	0.38076	0.051505	0	0.0027242	0	0.66507
47.9	2.5716e-06	0.29141	0.0019072	NaN	0.49233	0.031683	0	0.0033053	0	1.209
51.25	9.5232e-05	0.58773	0.0051144	NaN	0.4992	0.028611	0	0	0	2.0297
54.6	0.00484	0.67922	0.005288	NaN	1.0801	0.030535	0	0.0015633	0	2.1275
57.95	0.0041507	1.6808	0.019046	NaN	3.1445	0.02446	0	0.017167	0	1.6623
61.3	0	3.8284	0.17518	NaN	7.91	0.022734	0	0.01842	0	0.97992
64.65	0	9.0698	1.6429	NaN	4.3588	0.040603	0	0.00040489	0	0.94237
68	0	13.967	1.2826	NaN	0.015624	0.04956	0	0	0	1.591
71.35	0	5.4024	1.0779	NaN	0.0010741	0.062824	0	0	0	2.3023
74.7	0	1.5969	0.67295	NaN	0.046602	0.24413	0	0	0	1.9086
78.05	0.0037197	0.29636	0.42314	NaN	0.072994	0.24707	0	0	0	1.6252
81.4	0.017726	0.09256	0.30225	NaN	0.046718	0.24656	0	0.00054937	0	1.1435
84.75	0.14823	0.022418	0.31062	NaN	0.15173	0.24677	0	0.0031941	0	0.76289
88.1	0.1435	0.018823	0.40476	NaN	1.2893	0.21581	0	0.0018999	0	0.52464
91.45	0.32376	0.031979	0.43546	NaN	1.2745	0.33574	0	0.01533	0	0.70698
94.8	0.49267	0.13894	0.3032	NaN	3.0086	0.24681	0	0.021434	0	0.97026
98.15	0.28493	0.15889	0.058008	NaN	8.7562	0.21776	0	0.001506	0	1.0642
101.5	0.13236	0.39549	0.02279	NaN	10.519	0.4097	0	0	0	1.1273
104.85	0.031187	0.76525	0.049102	NaN	12.147	0.62087	0	0.0098557	0	1.0403
108.2	0.0051325	1.1924	0.059617	NaN	10.351	0.66119	0	0.008649	0	1.0259
111.55	0.00056033	1.9064	0.046316	NaN	7.0443	0.83205	0	0	0	1.2772
114.9	0.0079719	3.2885	0.018647	NaN	6.8831	3.9717	0	0	0	3.1365
118.25	0.11549	5.1405	0.040747	NaN	6.739	0.90697	0	1.6341e-05	0	1.5597
121.6	0.14535	5.4387	0.023163	NaN	2.1517	0.58168	0	0.0063859	0	1.475
124.95	0.23534	7.8927	0.0020543	NaN	0.12876	0.015751	0	0.06452	0	1.4622
128.3	0.456	11.719	0.0020513	NaN	0.0018529	0.49292	0	0.00010647	0	1.4452
131.65	0.2211	3.4936	0.0026616	NaN	0.035208	0.17328	0	0.0084274	0	1.459
135	0.09114	0.79257	0.004092	NaN	0.176	1.3794	0	0.004092	0	1.1895
138.35	0.083407	0.45855	0.0030286	NaN	0.40655	0.77394	0	0.00052797	0	0.98575
141.7	0.056146	0.39031	0.00010048	NaN	0.10084	1.9291	0	0.00038579	0	0.858
145.05	0.1629	0.36098	0	NaN	0.35026	1.7791	0	0.00085581	0	0.80338
148.4	0.086928	0.35064	0	NaN	0.21825	0.60541	0	9.2851e-05	0	0.67122
151.75	0.096503	0.18987	0	NaN	0.10939	2.4038	0	0.0037231	0	0.52473
155.1	0.025688	0.13413	0.00038907	NaN	0.091499	4.3955	0	0.001047	0	0.54243
158.45	0.026663	0.13375	0.0016059	NaN	0.052221	3.1318	0	0.00029726	0	0.6093
161.8	0.036025	0.12201	0.01037	NaN	0.065798	2.4182	0	0.00030177	0	0.60757
165.15	0.029114	0.15759	0.1115	NaN	0.058015	2.6218	0	0.0002232	0	0.54232
168.5	0.021942	0.25612	0.29671	NaN	0.001615	3.5861	0	0.0002232	0	0.47085
171.85	0.024195	0.2725	0.31799	NaN	0	5.4735	0	0.0002232	0	0.52207
175.2	0.051285	0.42322	0.49712	NaN	0	3.3417	0	0.0002232	0	0.5512
178.55	0.044441	0.39111	0.32424	NaN	0.00043043	5.5797	0	0.0022156	0	0.55767
181.9	0.040652	0.3051	0.12254	NaN	0.03673	7.7646	0	0.0032081	0	0.56264
185.25	0.047968	0.33207	0.11688	NaN	0.13136	5.5828	0	0.0016436	0	0.5646
188.6	0.015488	0.61657	0.15923	NaN	0.056133	1.7836	0	0.023	0	0.54884
191.95	0.013846	0.69039	0.22169	NaN	0.34551	4.4116	0	0.063497	0	0.52797
195.3	0.0034998	0.6467	0.32321	NaN	0.39144	5.2587	0	0.00013556	0	0.4869
198.65	0.0015667	0.44726	0.49814	NaN	0.10309	2.8871	0	0.010525	0	0.43937
202	0.00011948	0.36824	0.27936	NaN	0.09844	1.2238	0	0.027781	0	0.41333
205.35	0	0.43681	0.24115	NaN	0.086766	0.32623	0	0.0079544	0	0.35988
208.7	0	0.33025	0.23581	NaN	0.079798	11.931	0	0.028707	0	0.44361
212.05	1.6622e-07	0.30772	0.36447	NaN	0.070176	5.8426	0	0.014083	0	0.41812
215.4	0.00069641	0.27909	0.27643	NaN	0.036799	6.0711	0	0.014083	0	0.39303
218.75	0.0072952	0.10399	0.42265	0.0020003	0.054254	0.37116	0	0.0012194	0	0.40442
222.1	0.0068064	0.14424	0.36038	0.40263	0.044789	0.033019	0	0.00054889	0	0.41423
225.45	0.0034873	0.40891	0.22657	1.0857	0.012082	0.40503	0	2.9539e-05	0	0.61046
228.8	0.0047173	0.49715	0.15231	1.063	0.12914	0.28067	0	0.028178	0	0.6461
232.15	0.0032849	0.77132	0.15573	0.66242	0.11909	0.18682	0	0.014171	0	0.65649
235.5	0.0091995	0.57679	0.10597	0.12024	0.023313	5.1004	0	0.0011745	0	0.6876
238.85	0.0052565	0.31385	0.04753	0.19775	0.01691	3.5506	0	0	0	0.72631
242.2	0.0025874	0.43289	0.032964	0.13167	0.019579	0.2975	0	0	0	0.75269
245.55	0.0014735	0.47789	0.036259	0.022618	0.0051043	0.0089255	0	0.0075476	0	0.78796
248.9	0.00099722	0.46379	0.035715	0.037699	0.021543	1.2999	0	0.007727	0	0.83475
252.25	0.0013289	0.647	0.087412	0.23375	0.029398	1.9629	0	0	0	0.80326
255.6	0.014488	0.61738	0.2248	0.15381	0.0059369	0.82974	0	0.005163	0	0.70106
258.95	0.016324	0.51327	0.21633	0.076967	0.12209	0.14921	0	0.0050655	0	0.74961
262.3	0.010193	0.42066	0.16837	0.068102	0.35087	0.057705	0	0.00096623	0	0.85547
265.65	0.00666	0.40848	0.1177	0.060941	0.26159	0.045414	0	0.00086782	0	0.94178
269	0.0034782	0.38625	0.090226	0.040737	0.060149	0.022181	0	0.0052381	0	1.0408
272.35	0.00045033	0.27669	0.11636	0.0088859	0.13696	0.14426	0	0.0113	0	1.1617
275.7	0.00026096	0.34387	0.12739	0.031599	0.026172	0.22813	0	0.012493	0	1.2946
279.05	0.0014922	0.62243	0.044691	0.20245	0.12839	0.12494	0	0.00019681	0	1.3895
282.4	0.0011443	0.88481	0.019666	0.29896	0.13739	0.17806	0	0.012011	0	1.3355
285.75	0.0039566	0.63657	0.0089268	0.015564	0.085504	0.14645	0	0.062332	0	1.3021
289.1	0.0037203	0.59346	0.004092	0.22248	0.0050986	0.29635	0	0.00022373	0	0.96935
292.45	0.00934	0.6483	0.0041639	0.014905	0.010164	0.62667	0	2.0646e-05	0	0.82429
295.8	7.018e-05	0.5819	0.0061232	0.05321	0.15643	1.5548	0	0.00071657	0	0.83623
299.15	0	0.58913	0.0040825	0.0065247	0.01629	2.6419	0	0.0010188	0	0.84992
302.5	0	0.23963	0.0024656	0.020571	0.027544	0.63603	0	4.3957e-05	0	0.82205
305.85	0	0.21666	0.00023345	0.68237	0.042843	0.32344	0	0.00022158	0	0.78603
309.2	0.0050055	0.46469	0.00086081	0.1286	0.0020744	0.25651	0	0.00022216	0	0.72681
312.55	0.23186	0.59687	0.0012259	0.68857	0.0085413	0.16834	0	4.5426e-05	0	0.6941
315.9	0.12244	0.57494	0.0020026	0.44958	0.024347	0.20281	0	0	0	0.62204
319.25	0.14618	0.57209	0.0058109	0.044868	0.031448	0.27985	0	0	0	0.5679
322.6	0.047941	0.69728	0.0012716	0.030352	0.004186	0.44771	0	0	0	0.66318
325.95	0.038818	0.67564	0.0013632	0.039047	0.069086	0.44764	0	0	0	0.75507
329.3	0.0048408	0.56465	0.0019939	0.034828	0.082332	0.48542	0	0	0	0.96911
332.65	0	0.64812	0.0016393	0.060768	0.057427	1.793	0	0	0	1.2129
336	0	0.67889	0.0005115	0.135	0.0648	0.7653	0	0	0	1.133
339.35	0	0.67531	0.00098687	0.097387	0.087056	0.081919	0	0	0	1.0168
342.7	0	0.8351	0.00041604	0.039001	0.037528	0.059815	0	0	0	1.0166
346.05	0	0.63116	6.7288e-05	0.080611	0.021117	1.2175	0	0	0	1.0181
349.4	0	0.30554	0	0.18654	0.0079832	2.5099	0	0	0	1.4333
352.75	0	0.37182	0	0.33672	0.016933	1.7079	0	0	0	1.8294
356.1	0	0.56272	0	0.62457	0.030423	0.15424	0	0	0	1.4149
359.45	0	0.35766	0	0.71681	0.009276	0.35257	0	0	0	1.0699
362.8	0.00017089	0.37812	0	0.28041	0.0031916	0.0077448	0	0	0	0.83042
366.15	0.0051959	0.34542	0	1	0.0013823	0.014463	0	0	0	0.69511
369.5	0.014239	0.40342	0	0.82125	0.0059899	0.059579	0	0	0	0.89876
372.85	0	0.30568	0	0.019443	0.099397	0.5666	0	0	0	0.89361
376.2	0	0.26738	1.8743e-05	0.15699	0.12346	0.48721	0	0	0	0.88902
379.55	0.00066646	0.18104	0.0023416	0.012965	0.12809	0.14462	0	0	0	0.814
382.9	0.012912	0.31422	0.0040159	0.015994	0.30956	0.98615	0	0	0	0.76007
386.25	0.0044548	1.4419	0.0088077	0.015947	0.99075	1.0077	0	0	0	0.77984
389.6	0.028804	1.94	0.012793	0.01019	0.4203	1.9481	0	0	0	0.7959
392.95	0.031305	4.5471	0.010432	0.0064016	0.061914	1.7736	0	0	0	0.80193
396.3	0.011146	3.1595	0.010346	0.0077524	0.093219	2.0648	0	0	0	0.8055
399.65	0.0051236	3.5671	0.010249	0.0085382	0.10563	3.9231	0	0	0	1.5093
403	0.00051467	1.0244	0.006933	0.0053859	0.11156	3.9671	0	0	0	2.3147
406.35	0	0.45518	0.024973	0.0058029	0.2111	0.52927	0	0	0	1.7176
409.7	0	0.66857	0.081851	0.33026	0.44589	1.1661	0	0	0	0.7694
413.05	0	1.1691	0.62017	0.11485	0.49761	0.58222	0	0.00078022	0	0.80077
416.4	0.0020541	2.4882	1.71	0.0080988	0.36508	0.42199	0	0.0003601	0	1.117
419.75	0.012479	2.4002	1.0799	0.0042941	0.15635	0.35311	0	0	0	1.1247
423.1	0.010009	1.0467	0.72808	0.0020653	0.17179	0.35459	0	0	0	1.0068
426.45	0	0.20174	1.0338	0.0008531	0.24107	0.46997	0	0	0	0.9477
429.8	0	0.028697	0.66768	0.16428	0.19828	0.03498	0	0	0	0.91732
433.15	0	0.023457	0.20657	1.5745	1.3906	0.011494	0	5.1052e-05	0	0.75144
436.5	3.9188e-05	0.019654	0.66177	1.227	2.9213	0.0089047	0	0.0067726	0	0.61169
439.85	0.00090825	0.025749	4.3226	2.4901	0.1409	0.043758	0	0.00051001	0	1.4411
443.2	4.8032e-07	0.03296	31.51	1.6267	0.99361	0.085013	0	0	0	2.076
446.55	0.00016423	0.037889	38.204	2.2551	0.11852	0.11975	0	0	0	2.0596
449.9	0.048838	0.10621	4.1431	0.046796	0.00058232	0.15755	0	0	0	1.2207
453.25	0.10757	0.082597	2.5368	1.3962	0.0049707	0.032431	0	0.0053083	0	1.4255
456.6	0.16296	0.11195	0.79553	3.3694	0.003951	0.019703	0	0.021418	0	2.1583
459.95	0.46993	0.12052	0.18515	5.1593	0.092842	0.10623	0	0.0043032	0	1.1766
463.3	1.5842	0.47499	0.042434	3.7852	0.20902	0.089999	0	2.8026e-05	0	1.6604
466.65	0.99238	0.60893	0.011593	2.8229	1.3127	0.052927	0	0.0004786	0	1.6003
470	0.69135	1.3541	0.0091224	1.6518	2.6896	0.0076973	0	0.00044683	0	0.43895
473.35	0.66915	2.2427	0.010389	0.60819	3.7906	0	0	0.00012252	0	1.3342
476.7	0.63176	3.2646	0.011539	0.10691	3.9052	0	0	0	0	2.7139
480.05	0.34877	4.5016	0.011951	0.0043394	0.49183	0	0	0	0	2.3241
483.4	0.12237	3.9064	0.0081747	0.0038192	0.019046	0	0	0	0	2.205
486.75	0.31803	4.3996	0.0061518	0.0033692	0.057802	0	0	0	0	2.07
490.1	0.33818	3.6184	0.027129	0.0012698	0.21768	0	0	0	0	2.2074
493.45	0.2267	1.8204	0.014055	0.023002	0.023206	0	0	0	0	1.9094
496.8	0.12472	1.3199	0.0053717	0.24509	0.25922	0.027984	0	0	0	1.4402
500.15	0.1022	1.1459	0.0022374	0.368	0.19876	0.21252	0	0	0	1.2821
503.5	0.17319	1.1659	0.0061932	0.42522	0.49691	0.24278	0	0	0	1.755
506.85	0.16178	1.3925	0.033183	0.1673	0.4966	0.097381	0	0	0	2.3119
510.2	0.17075	0.86907	0.041774	0.13268	0.49618	0.033852	0	0	0	2.1742
513.55	0.16999	1.4874	0.023601	0.096172	0.50371	0.2364	0	0	0	3.2567
516.9	0.20625	3.227	0.008206	0.068462	0.4947	0.01601	0	0	0	1.5603
520.25	0.010786	2.5279	0.008345	0.030723	0.253	0.014993	0	0	0	1.6189
523.6	0.21391	2.94	0.015871	0	0.48854	0.0020645	0	0	0	1.1595
526.95	0.097675	2.6196	0.0081878	0	0.25156	0.0038504	0	0	0	1.0195
530.3	0.025577	2.5818	0.0081512	0	0.126	0.0056277	0	0	0	0.835
533.65	0.071244	1.9006	0.0061823	0	0.24504	0.0076268	0	0	0	0.76701
537	0.008514	0.96556	0.008184	0	0.24726	0.00028036	0	0	0	0.698
540.35	0.0061346	0.76253	0.0045651	0	0.19986	0.00011627	0	0	0	0.84484
543.7	0.0081501	0.84075	0.0053692	0	0.79498	0.0013996	0	0	0	0.75075
547.05	0.011002	1.0166	0.0029192	0	0.99518	0.0031628	0	0	0	0.7663
550.4	0.040003	1.3449	0.0089326	0	1.2041	0.014434	0	0	0	0.86837
553.75	0.080721	1.2247	0.016469	0	3.1162	0.015049	0	0	0	1.2004
557.1	0.26205	2.0789	0.038188	0	2.2344	0.019263	0	0	0	2.1048
560.45	0.33007	4.1396	0.052562	0.001151	0.25499	0.043881	0	0	0.027249	2.1603
563.8	0.19404	5.5283	0.049996	0.0036127	0.060061	0.062498	0	0	0.11336	1.2223
567.15	0.18427	4.6837	0.06119	0.0010126	0.14738	0.12374	0	0	0.19084	1.0234
570.5	0.080446	1.0695	0.056596	0	0.051165	0.18576	0	0	0.38111	0.80296
573.85	0.057276	0.87724	0.013749	0.031326	0.39589	0.060825	0	0	0.29202	0.65949
577.2	0.24335	0.8212	0.005595	0.12983	1.7576	0.019677	0	0	0.16801	0.70415
580.55	0.4599	0.74506	0.0031404	0.17816	3.7165	0.0067201	0	0	0.22879	0.88086
583.9	0.30401	1.6604	0.017851	0.057106	6.4338	0.0093723	0	0	0.13921	0.67424
587.25	0.44711	5.3837	0.027245	0.012335	6.2194	0.0016984	0	0	0.18125	0.66163
590.6	0	9.5468	0.030214	0	0.284	0.0018497	0	0	0.28474	0.47782
593.95	0	10.184	0.018592	0	0.063274	0.0077484	0	0	0.39596	0.6759
597.3	0	3.7466	0.006732	1.0045e-05	0.015503	0.0041	0	0	0.039679	0.5125
600.65	0	0.7395	0.053152	0.0011583	0.015506	0.025777	0	0	0.052991	0.55139
604	0	0.09823	0.006138	0.00385	0.01562	0.07226	0	0	0.264	0.47
607.35	0.0065575	0.078061	0.0044272	0.0028495	0.18885	0.059974	0	0	0.16885	0.47
610.7	0.0005346	0.042185	0.0019475	9.4534e-05	0.23988	0.03346	0	0	0.0042809	0.40613
614.05	0.0024703	0.011641	0.0082404	0	0.058988	0.010985	0.002187	0	0.075853	1.2013
617.4	0.13506	0.0069607	0.0063778	0.041535	0.051408	0.0040406	0.0052584	0.026289	0.11863	0.4828
620.75	0.042885	0.18544	0.0024354	0.081214	1.5393	0.012749	0.73358	0.0068049	0.083133	0.40627
624.1	0.19564	0.073167	0.0043045	12.928	1.9986	0.015325	7.6241	0	0.16528	0.34636
627.45	0.18229	0.018554	0.0084508	12.355	1.4816	0.015441	5.411	0	0.49993	0.34931
630.8	0.28027	0.067601	0.006015	2.228	0.42647	0.0067233	3.5928	0	0.44448	0.30038
634.15	0.29963	0.051703	0.0026775	0.0097825	0.23958	0.0020394	5.1162	0	0.42674	0.3468
637.5	2.4207	0.0016982	0.00023026	0.00087278	0.18722	0.0030714	4.2953	0	0.44115	0.58916
640.85	1.7319	0.00066851	0	0	0.21999	0.0064206	2.6036	0	0.26056	0.71351
644.2	0.51548	0.00046456	0	0	0.22869	0.0066188	2.3934	0	0.42298	0.82582
647.55	0.13962	0.00014294	0.0012428	0	0.20604	0.0028185	1.9021	0	0.97741	0.76373
650.9	0.038549	6.9501e-05	0.0035697	0	0.45707	0.0048284	0.22969	0	1.171	0.59323
654.25	0.1817	0.00060282	0.0024162	0	0.99916	0.012648	0.068889	0	1.4352	0.74813
657.6	0.34726	0.00078361	0.003467	0	0.9987	0.0042157	0.082499	0	1.5497	0.49904
660.95	0.11674	0.00018985	0.0088332	0	0.78599	0.010377	0.10246	0	2.6647	0.62344
664.3	0.30838	0	0.0065071	0	0.38512	0.015457	0.20094	0	2.7227	0.66812
667.65	0.28559	0	0.0013886	0.27262	0.52214	0.006511	2.7517	0	0.389	0.75944
671	0.1	0	0	3.8595	0.24885	0.0019531	5.1637	0	0.192	0.538
674.35	0.15741	0	0	2.3211	9.0069	0.0019128	3.5868	0.00037115	0.18865	0.42774
677.7	0.10464	0	0	2.7075	19.95	0.0010856	1.6466	0.019863	0.57359	0.50293
681.05	0.2728	0	0	7.3966	7.9397	0.00098285	1.01	0.027235	0.35092	1.1604
684.4	0.74625	0	0	0.83229	7.9604	0.00097525	0.10265	0.0080691	0.34874	1.2075
687.75	0.27881	0	0	1.4859	15.658	0.00076865	10.883	5.8114e-05	0.17015	1.3465
691.1	0.017407	0	0	0.19461	9.8151	0.00094133	8.6442	0	0.012455	1.5077
694.45	0	0	0	0	4.6187	0.00057763	0.77121	0	0	1.522
697.8	0	0	0	0	0.57063	6.9423e-05	0.14894	0	0	1.4138
701.15	0	0	0	0	0	0	0.54316	0	0	1.7316
704.5	0	0	0	0	0	0	0.80214	0	0	1.4447
707.85	0	0	0	0	0	0	1.2887	0	0	2.3032
711.2	0	0.069762	0.12653	0	0	0	0.91943	0	0	4.1223
714.55	0.3864	0.16952	0.30122	0.16675	0	0	0.69453	0.13704	0	2.2414
717.9	0.15675	0.32969	1.0606	0.34073	0	0	0.35993	0.055591	0	2.5267
721.25	0.10354	0.6039	2.3819	0.27452	0.015945	0	0.27388	0.22019	0.20268	3.0895
724.6	0.31171	0.66883	7.0224	0.064096	0.098783	0.0043443	0.40233	0.84799	0.67375	2.8553
727.95	0.31088	1.0486	12.152	0.045914	0.29714	0.02266	0.33199	1.5513	1.2029	2.7171
731.3	0.18352	2.2305	10.311	0.015614	0.49296	0.063493	0.026447	2.5714	2.3326	3.7715
734.65	0.12916	0.65291	7.1331	0	0.24689	0.11937	0.024286	1.296	1.7247	1.9332
738	0.33644	0.57526	4.8267	0	0.22597	0.04259	0.1837	0.12957	1.3331	3.9278
741.35	0.11473	0.3217	5.6302	9.7258e-05	0.074143	0	1.1645	0.89617	3.6042	3.5908
744.7	0.094456	0.50423	4.3101	0.0043429	0.027214	0	1.4073	1.2054	1.979	5.9491
748.05	0.64707	0.35334	1.5421	0.0071279	0.015835	0	1.7748	0.87329	3.1899	7.5936
751.4	0.0017674	0.39645	2.3861	0.0031329	0.0070259	0	0.30751	1.2001	2.7819	2.3152
754.75	0.062411	0.2633	1.151	2.5014e-05	5.6096e-05	0	1.3202	0.46116	1.2521	3.1376
758.1	0.063004	0.10579	2.7985	0	0	0	0.42811	2.8708	1.9424	4.7035
761.45	0.0032519	0.15896	4.3763	0	0	0	0.036354	1.1082	1.1245	3.218
764.8	0	0.23678	12.427	0	0	0	0.011713	0.4453	1.189	2.6236
768.15	0	0.2374	13.052	0	0	0	0.00083648	0.78367	1.5259	2.2421
771.5	0.08013	0.47314	6.0604	0	0	0	0	0.28904	0.59333	2.6464
774.85	0.06556	0.45285	4.3723	0	0	0	0	0.28302	0.516	1.7335
778.2	0.087038	0.44704	2.3608	0	0.051292	0.025536	0	0.37115	0.5022	1.8596
781.55	0.41831	0.52675	3.1215	0	0.062203	0.030968	0	1.2321	0.31604	1.6748
784.9	0.16426	0.8268	1.599	0	0.018956	0.0094371	0	0.47357	0.040378	2.268
788.25	1.5041	1.5197	3.0359	0	0.036786	0.059092	0	0.54647	0.13289	2.4441
791.6	1.1411	1.2921	3.4591	0	0.04782	0.087297	0.0045981	0.41457	0.10082	2.4861
794.95	0	0.32164	1.8089	0	0.015841	0.032868	0.12406	0	0	2.1338
798.3	0	0.117	1.4806	0	0.014519	0.029341	0.5294	0	0	1.6234
801.65	0	0.098717	1.7526	0.031168	0.046719	0.053435	0.70602	0	0	1.293
805	0	0.059921	2.0037	0.16951	0.061879	0.040144	0.64576	0	0	0.84244
808.35	0	0.11887	1.0843	0.22649	0.093336	0.053399	0.60584	0	0	1.0737
811.7	0	0.061552	0.93565	0.11844	0.30853	0.11625	0.59562	0	0	0.85609
815.05	0	0.042703	0.66687	0.040358	0.42805	0.23273	0.56885	0	0	0.63099
818.4	0	0.031527	1.1483	0.035146	0.19473	0.10294	0.54058	0	0	0.9826
821.75	0	0.07287	1.5066	0.028002	1.8651	0.032691	0.4916	0	0	0.91683
825.1	0	0.1221	1.0275	0.025637	0.59116	0.015216	0.33511	0	0	0.92364
828.45	0	0.04622	1.0623	0.025754	0.52703	0.0096549	1.5911	0	0	0.51511
831.8	0	0.73242	0.84865	0.0099255	0.34021	0.0079264	4.4217	0	0	0.68174
835.15	0	0.43943	0.17984	0.0044538	0.18415	0.0042656	0.56502	0	0	0.63946
838.5	0	2.2367	0.11889	0	0.057398	0.044649	0.28577	0	0	0.95564
841.85	0	1.2784	0.025774	0	0.15635	0.98474	0.27647	0	0	0.48204
845.2	0	1.0043	0.025028	0	0.029848	0.070767	0.27247	0	0	0.60391
848.55	0	1.2432	0.016146	0	0.060609	0.1021	0.76541	0	0	0.4593
851.9	0	1.8035	0.034663	0	0.031879	0.00036671	1.3935	0	0	0.69322
855.25	0	0.84304	0.028168	0	0.016752	0.00050227	1.7527	0	0	0.73538
858.6	0	1.3232	0.017166	0	0.030365	0.00090469	2.0558	0	0	0.77112
861.95	0	0.84921	0.0057016	0	0.031071	0.0016566	0.60997	0	0	0.87395
865.3	0	0.57292	0.0022117	0	0.031893	0.0070651	0.71067	0	0	0.6969
868.65	0	0.61987	0.00033108	0	0.033124	0.0077817	0.32813	0	0	0.70357
872	0	0.47089	0	0	0.076639	0.0028936	0.21739	0	0	0.7584
875.35	0	0.44044	0	0.00073019	0.052607	0.00072994	0.16699	0	0	0.92496
878.7	0	0.42146	0	0.0026496	0.010199	0.00034733	0.11355	0	0	0.96423
882.05	0	0.28452	0.0010362	0.00191	0.011291	0.00015922	0.065979	0	0	1.1661
885.4	0	0.17758	0.0043653	0.0011322	0.012467	8.9476e-05	0.03544	0	0	1.3318
888.75	0	0.23853	0.0040669	0.048399	0.0050762	7.8996e-05	0.064306	0	0	1.1812
892.1	0	0.28973	0.0024268	0.17798	0.005722	0.00026629	0.085307	0	0	0.99434
895.45	0	0.18452	0.0030574	0.1968	0.018328	0.0010818	0.1	0	0	0.68536
898.8	0	0.33314	0.0030848	0.13785	0.044393	0.001818	0.12998	0	0	0.76797
902.15	0	0.5089	0.0058776	0.22547	0.062069	0.0020505	0.11863	0	0	0.9274
905.5	0	0.50215	0.0083861	0.35666	0.061703	0.0012243	0.093569	0	0	0.80117
908.85	0	0.33436	0.008693	0.13771	0.06741	0.0004423	0.048075	0	0	0.90123
912.2	0	0.70316	0.00408	0.1119	0.10892	0.0041988	0.025867	0	0	1.2133
915.55	0	0.67814	0.0055152	0.00040399	0.016685	0.0088261	0.01047	0	0	1.5156
918.9	0	0.53159	0.050811	3.13e-07	0.05376	0.015432	1.4037e-05	0	0	1.5953
922.25	0	0.70093	0.12258	0	0.12396	0.013065	0.13828	0	0	2.2404
925.6	0	0.85538	0.10412	0	0.12323	0.002125	0.75634	0	0	1.3728
928.95	0	0.80696	0.053094	0	0.24924	0.0019366	0.26393	0	0	0.98897
932.3	0	1.2145	0.03117	3.8921e-06	0.0014874	0.00088603	0.68961	0	0	0.85431
935.65	0	0.37372	0.0023476	0.00034663	0.0019279	2.0691e-05	0.45905	0	0	0.75484
939	0	0.62758	0.00186	0.000775	0.0019274	3.08e-05	0.08254	0	0	0.6215
942.35	0	1.0645	0.0011177	0.0239	0.0037608	1.8508e-05	1.3866	0	0	0.50549
945.7	0	0.78039	1.8817e-05	0.014072	0.0032092	3.1159e-07	0.5788	0	0	0.72498
949.05	0	0.42419	0	0.0011912	0.41006	0.00063088	0.2718	0	0	0.93599
952.4	0	0.57514	0	0	0.53228	0.005398	1.0209	0	0	1.1912
955.75	0	1.3177	0.00549	0	1.6657	0.026247	0.9935	0	0	1.5574
959.1	0	2.0513	0.0090642	0	1.3308	0.010148	0.38566	0	0	2.3757
962.45	0	1.9561	0.010338	0	3.0279	0.042602	0.065259	0	0	2.0794
965.8	0	4.8399	0.015295	0	2.9344	0.040601	0.0042287	0	0	1.3109
969.15	0	4.8285	0.030009	0	0.63164	0.012309	0	0	0	1.2594
972.5	0	4.0483	0.031368	0	0.01353	0.015334	0	0	0	1.2218
975.85	0	3.8897	0.019225	0	0.0076209	0.013034	0	0	0	1.3515
979.2	0	3.1692	0.0080336	0	0.0033094	0.00097034	0	0	0	2.0663
982.55	0	3.8182	0.00073856	0	0.0032446	0.0038593	0	0	0	1.9395
985.9	0	4.1039	0	0	0.0082575	0.0093864	0	0	0	1.1893
989.25	0	3.5844	0	0	0.031141	0.027345	0	0	0	1.1994
992.6	0	2.6748	0	0	0.030984	0.11195	0	0	0	1.2794
995.95	0	2.5808	0	0	0.029259	0.26839	0	0	0	2.064
999.3	0	3.0238	0	0	0.022668	0.33926	0	0	0	1.6448
1002.6	0	3.1669	0	0	0.12374	0.96298	0	0	0	1.5566
1006	0	2.957	0	0	0.12415	1.1204	0	0	0	0.94022
1009.4	0	2.2071	3.7916e-05	0	0.13847	1.978	1.8181e-05	0	0	1.6933
1012.7	0	2.6632	0.0025393	0	0.24822	1.0031	0.0019104	0	0	1.0076
1016.1	0	3.2345	0.0055797	0.0076087	0.21385	2.2634	0.022516	6.0606e-05	5.5781e-06	0.83412
1019.4	0	8.593	0.0048225	0.014709	0.026175	1.2064	0.04474	0.12246	0.011271	1.0679
1022.8	0	9.0493	0.0037332	0.0085607	0.030939	0.07678	0.040894	0.033151	0.00023611	0.82714
1026.1	0.03577	9.0275	0.0075429	0.0015876	0.0081195	0.037055	0.0088845	0.3139	0	1.0415
1029.5	0.089413	9.1832	0.0366	0.0015373	0.0016879	0.0024973	0.0047804	0.13262	0.010938	1.1195
1032.8	0.18575	4.9416	0.073744	0.0021249	0.0065956	0.12257	0.0088551	0.010923	0.002592	1.0499
1036.2	0.14843	2.4815	0.073085	0.0027202	0.0055197	0.36936	0.038475	0.034898	0	0.99489
1039.5	0.22498	1.7892	0.038573	0.033833	0.017031	0.21163	0.13355	0.24808	0	0.96284
1042.9	0.004273	1.3043	0.0020284	0.092646	0.061839	0.12382	0.036838	0.59755	0	0.68878
1046.2	0	0.72829	0.00186	0.032848	0.033966	0.071353	0.096075	0.32335	0.039596	0.73651
1049.5	7.3104e-05	0.48279	0.0024072	0.0038527	0.019193	0.051048	0.35419	0.14165	0.065224	0.83628
1052.9	0.00085384	0.41361	0.0055757	0.00086621	0.017708	0.058257	1.1666	0.082181	0.073324	0.98799
1056.2	0.0032112	0.35008	0.00744	0	0.014962	0.061953	1.5723	0.063501	0.075914	1.0606
1059.6	0.010257	0.1953	0.0048211	0	0.0049112	0.11948	0.20274	0.057037	0.13143	0.93112
1063	0.0041461	0.10633	0	0	0.0043201	0.21465	0.064649	0.0094172	0.31133	0.90878
1066.3	0.010815	0.51025	1.3485e-05	0.00035017	0.020637	0.015403	0.057432	0.065941	0.38507	1.0678
1069.7	0.017019	0.5837	0.0012275	0.031876	0.012197	0.017262	0.093437	0.047591	0.30153	0.85242
1073	0.018019	0.64427	0.0017222	0.044722	0.0081645	0.020597	0.1873	0.02551	0.25964	0.66789
1076.4	0.0070108	0.70839	0.00034462	0.0089491	0.011808	0.025901	0.46092	0.0065727	0.27609	0.58603
1079.7	0.0087936	0.99485	0.00073741	0	0.0091603	0.088344	0.3389	0.020677	0.20983	0.6895
1083	0.014287	1.4294	0.0042385	0	0.010155	0.27693	0.074709	0.042903	0.099	0.87141
1086.4	0.0019961	1.5524	0.010978	0	0.059252	0.44932	0.27625	0.001924	0.099	0.85956
1089.8	0.028497	1.8785	0.074364	0	0.0032638	0.9666	0.0056217	0	0.081669	0.8861
1093.1	0	1.9505	0.30771	0	0.00087504	1.078	8.1483e-05	3.6337e-06	0.019105	1.5307
1096.5	0	1.4382	0.68762	0	0.0005332	1.0378	0.05308	0.0023671	0.0022117	1.3459
1099.8	0	0.63093	0.69575	0	0.35501	0.10706	0.001927	8.5932e-05	0.0028431	1.7177
1103.2	0	0.82929	1.7027	0	0.049728	0.0099479	0	0	0.01448	1.0893
1106.5	0.0013139	0.32668	0.66399	0	0.006664	0.0032759	0.0010278	0	0.074215	1.0761
1109.9	0.00028443	0.11551	0.27303	0	0.0025594	0.00036971	0.00022249	0	0.089062	2.0462
1113.2	0	0.04868	0.04009	0.26624	0.0056135	0.00067799	0.0076281	0.16089	0.015787	1.777
1116.5	0.00099479	0.10388	0.084214	0.56555	0.0084599	0.0015144	0.005242	0.058328	0.013881	2.0277
1119.9	0.00043243	0.39052	0.09259	0.1862	0.013874	0.0034844	0.00050331	0.10199	0.0060339	1.8668
1123.2	0.0090047	0.32034	0.085818	0	0.0095109	0.011754	0.002239	0.059669	0.047342	1.7406
1126.6	0.017003	0.3028	0.072218	0	0.006676	0.0089721	0.0016986	0	0.037731	2.1618
1130	0.014996	0.82478	0.080967	0.020116	0.0077618	0.054779	0.0023857	0.026252	0.014417	3.208
1133.3	0.0050029	0.90339	0.06807	0.025055	0.010874	0.079747	0.0033606	0.032697	0.016626	3.2354
1136.7	0.00027757	0.5998	0.026912	0.010437	0.011141	0.012749	0.00026084	0	0.10618	2.4043
1140	0.0026821	0.5063	0.03575	0.025217	0.0040437	0.010108	0.00030677	0	0.24648	1.9063
1143.4	0.01057	0.12345	0.022593	0.0073601	0.025375	0.16512	0.00086989	0	0.091638	1.8481
1146.7	0.020904	0.22545	0.1212	0	0.068735	0.41007	1.5324e-05	0	0.056392	2.4414
1150	0.035823	0.84237	0.17512	0	0.0005907	0.18445	0.00058003	0.00031721	0.041623	1.2363
1153.4	0.067574	1.1706	0.18025	0	0.0033528	0.045855	0.0027816	0.0017696	0.028916	1.0281
1156.8	0.11318	1.0206	0.13314	0.0055556	0.00081916	0.027407	0.045886	0.0028793	0.083686	0.96134
1160.1	0.035668	0.95227	0.070062	0.060004	0.00057861	0.016775	0.14285	0.031197	0.049091	1.063
1163.5	0.039345	1.0145	0.036709	0	0.027715	0.015592	0.11586	0.028122	0.026178	1.0441
1166.8	0.041211	0.61026	0.023513	0	0.0043904	0.015459	0.00080072	0.005742	0.08555	1.0306
1170.2	0.0080199	0.72602	0.001726	0	0.003891	0.011993	0	0.034882	0.084313	0.76953
1173.5	0.015806	0.51906	3.0215e-05	0	0.0039635	0.0027881	0	0.022598	0.15673	0.93387
1176.9	0.037461	0.38352	0	0	0.014597	0.12229	0	0.0075062	0.068667	1.0929
1180.2	0.023805	0.2076	0	0	0.085773	0.1234	0	0.024106	0.10384	1.1779
1183.5	0.015856	0.14909	0	0	1.8647	0.31754	0	0.0033289	0.029103	1.2831
1186.9	0.056416	0.45039	0.0015154	0	0.3692	0.10173	0.0011576	0.0073963	0.024	1.455
1190.2	0.017858	0.63746	0.00186	0	0.0033114	0.21795	0.00040704	0.010533	0.04425	0.96784
1193.6	0.0032301	0.77862	0.0027341	0	0.0014046	0.13142	2.3473e-05	0.029708	0.013524	0.93549
1197	0.0031977	0.82261	0.0066093	0	0.0097952	0.011578	0	0.049677	0.027294	0.95705
1200.3	0.0026661	1.1397	0.15688	0	0.0071392	0.69782	0	0.050411	0.037296	0.95134
1203.7	0.00056611	0.92061	0.68504	0	0.0036118	3.1606	0.0041085	0.021914	0.030736	1.0006
1207	0.000473	0.67939	2.3379	0.023127	0.0019454	1.9969	0.0035742	0.0055601	0.0096226	0.83086
1210.4	0.00054371	0.69851	4.6872	0.026585	0.00031264	0.0048348	0	0.07606	0	0.46131
1213.7	0	0.38745	4.2232	0.0080571	0.0017017	0	0	0.18088	0.018641	0.47251
1217	0	0.077489	1.4479	0.046777	0.0020069	0	0	0.20674	0.048	0.53354
1220.4	0.0028561	0.025271	0.60424	0.051721	0.0013614	0.0064655	0	0.31321	0.051381	0.44841
1223.8	0.011838	0.025189	0.43861	15.705	0.0026401	0.019362	0	0.38168	0.054375	0.66306
1227.1	0.012632	0.056334	0.60266	82.011	0.0034434	0	0	0.11158	0.035117	0.85203
1230.5	0.0096948	0.16485	0.54059	0.89501	0.0026635	0	0	0.092079	0.084	0.89049
1233.8	0.0059858	0.49825	0.35242	2.8985	0.071629	0	0	0.09674	0.080256	0.52332
1237.2	0.01303	0.64179	0.25941	0.70425	0.24528	0	0	0.092395	0.048348	0.40304
1240.5	0.003477	0.58478	0.19124	0.079448	0.0010447	0	0	0.17867	0.093254	0.2679
1243.9	0.0042965	1.8427	0.088317	0.46921	0.0036849	0	0	0.093404	0.025179	0.46895
1247.2	0.00086	0.76983	0.096474	0.70953	0.030832	4.8675e-05	0	0.072051	0.01129	0.69855
1250.5	0.00086	0.9427	0.19219	0.053278	0.0010908	0.006478	0	0.039705	0.00026635	0.73122
1253.9	0.00086	1.216	0.092081	3.0808e-05	0.0019347	0.0010028	0	7.9642e-05	0	0.7769
1257.2	7.9365e-05	0.96031	0.011991	0	0.0032873	0.1952	0	0.057209	0.032678	0.69343
1260.6	0.01111	0.83633	0.0094937	0.26333	0.01955	0.41773	0	0.075967	0.036336	0.55557
1264	0.0043324	1.0829	0.0053264	0.073265	0.0081249	1.0488	0	0.091239	0.044755	0.75464
1267.3	0.0029554	1.6229	0.00372	0	0.003843	3.4104	0	0.030171	0.013524	1.2899
1270.7	0.0021755	1.6685	0.00098518	0	0.0038909	3.9484	0	0.00036916	0.035288	1.1172
1274	0.00172	1.2635	0.00088393	0.020889	0.018243	2.1538	0	0.023111	0.039111	0.29905
1277.4	0.0033452	2.0445	0.015588	0.010437	0.076857	1.8194	0	0.011547	0.059937	0.26064
1280.7	0.002238	1.6557	0.096965	0	0.21147	1.7125	0	0	0.029644	0.31421
1284	0.0017522	0.88463	0.28012	0.012191	0.22502	1.3659	0	0.01522	0.018675	0.31068
1287.4	0.0014188	1.326	1.1808	0.012923	0.20195	0.75084	0	0.016135	0.019797	0.3757
1290.8	0.00024325	1.8388	1.6213	0	0.14266	0.16089	0	0.01269	0	0.45643
1294.1	0.001128	1.694	0.50275	0	0.053344	0.21965	0	0.021692	0.010971	0.46855
1297.5	0.002837	1.6395	0.018467	0	0.052685	0.71248	0	0.00055605	0.025238	0.47037
1300.8	0.0038426	1.4454	0.0033565	0	0.034214	0.91537	0	0.0015337	0	0.52876
1304.2	0	0.69394	0.00059499	0	0.056766	0.39121	0	0.0011185	0.015634	0.7094
1307.5	0.00047259	0.34894	0.0083337	0	0.057704	0.26537	0	0.0051667	0.074889	0.35454
1310.9	0.0060381	0.51708	0.02729	0	0.0079924	0.47498	0	0	0.036	0.49985
1314.2	0.0034619	0.30615	0.029443	0	0.02549	0.23339	0	0	0.036	1.1738
1317.5	0.0050714	0.30253	0.37605	0.015224	0.057602	0.030348	0	0.003119	0.036	1.8158
1320.9	0.0034432	0.52842	2.0588	0.29496	0.014393	0.028751	0	0.060428	0.036	1.2947
1324.2	0.0085847	0.095905	2.4463	0	0.00085622	0.024847	0	0	0.0033706	0.72538
1327.6	0.0072781	0.40655	1.5297	0	9.9396e-06	0.001122	0	0	0.035076	1.0209
1331	0.012828	0.15019	1.9822	0	0.086708	0.030858	0	0	0.00062917	1.4008
1334.3	0.016991	0.25134	2.2786	0	0.0070427	0.0025064	0	0	0.0061131	1.3459
1337.7	0.016404	0.70825	4.9167	0	0.0082031	0.0005236	0	0	0.0056394	2.4229
1341	0.0017888	0.36428	4.9366	0	0.014673	0.0005236	0	0	0.054072	3.4915
1344.4	0	0.58302	3.1805	0.40782	0.0068226	6.3089e-05	0	0	0.028338	2.3344
1347.7	0.010615	0.26853	2.2214	0.93587	0.0015926	0	0	0.0055933	0.024	0.59187
1351.1	0.013693	0.11237	2.1727	0.96331	0.013593	0	0	0.0070611	0.023864	0.38486
1354.4	0.01151	0.077411	2.3925	0.71508	0.073736	0	0	0.0052416	0.022964	0.69154
1357.8	0.0081863	0.055102	2.778	0.3818	0.15449	0	0	0.0027986	0.021041	1.1033
1361.1	0.0045301	0.043512	3.2979	0.099146	0.22297	0	0	0.00072674	0.017887	1.4525
1364.5	0.001269	0.041332	3.9736	0	0.22682	0	0	0.0042678	0.011776	1.5726
1367.8	0	0.03644	3.8255	0	0.038125	0	0	0.020583	0	1.3326
1371.2	0.0033868	0.031577	2.1276	0.42597	0.034372	0	0	0.013959	0.011814	1.0905
1374.5	0.0070547	0.058475	1.0143	0.94679	0.046592	0	0	0.025048	0.024609	0.94859
1377.9	0.0014143	0.06033	0.3247	0.22931	0.0055449	0.00039572	0	0.016273	0.0023441	0.64799
1381.2	0.0055997	0.079803	0.31715	0.30076	0.0024406	0.35138	0	0.044051	0.007776	0.70216
1384.6	0.0029248	0.18477	0.19519	0.12167	0.0033577	0.98982	0	0.003915	0	0.75952
1387.9	0.0031457	0.25261	0.14181	0.11373	0.041106	0.99112	0	0.010205	0.0015491	0.83646
1391.3	1.6921e-05	0.50063	0.1103	0.012538	0.29692	0.97112	0	0.00065049	0.011764	0.89606
1394.6	0.00086	0.86617	0.089832	0	0.0082694	0.26918	0	0.032947	0	0.65361
1398	0.00086	0.71094	0.082142	0	0.015943	0.97726	0	0.031201	0	0.48506
1401.3	6.9794e-05	0.89985	0.17676	0	0.0012942	3.7634	0	0.12746	0	0.64761
1404.7	0	0.91121	0.74641	0	0	3.2057	0	0.074934	0.031367	1.0008
1408	0	0.59068	3.4486	0	0	3.9548	0	0	0.072	1.176
1411.4	0	0.55585	5.4709	0	0	3.2775	0	0	0.092478	1.266
1414.7	0	0.40449	6.7803	0	0	1.1912	0	0	0.086067	1.4487
1418.1	0	0.087419	6.1671	0	0.0059349	0.17171	0	0.00088491	0.037931	1.7662
1421.4	0	0.22474	4.6221	0.18529	0.0014503	0.0077425	0	0.054858	0.001472	1.2913
1424.8	0.0026421	0.12776	1.5327	0.047964	5.903e-05	0	0	0.067205	0.036867	0.59555
1428.1	0.0020915	0.20314	0.25275	0.9161	0.079548	0	0	0.090522	0.019776	0.54854
1431.5	0.003438	0.2077	0.071269	0.39267	0.29382	0	0	0.083062	0.035972	0.61833
1434.8	0.0033752	0.2381	0.026081	0.00037212	0.1252	0.0059955	0	0.051191	0.016896	0.99146
1438.2	0.0017562	0.46586	0.084557	0.11623	0.0029493	0.51359	0	0.01708	0.0047482	1.5973
1441.5	0.00068853	0.77114	0.41918	0.27199	0.0027967	1.2145	0	0.00076067	0.011733	1.8312
1444.9	0	0.88998	2.0339	0	0.001154	0.33876	0	0.008263	0.0086998	1.3294
1448.2	0	0.62655	4.1497	0	0.0019492	0.028676	0	0.0034032	0.010491	1.2286
1451.6	0.0022986	0.29033	4.2075	0	0.0019611	0.011122	0	0.015746	0.011101	1.6781
1454.9	0.0053939	0.25333	2.4265	0.0078711	0.0069245	0.24263	0	0.026096	0.010752	1.7022
1458.3	0	0.18395	1.3338	0.28417	0.0217	0.97045	0	0.035627	0.010627	1.2892
1461.6	0	0.30423	1.3896	0.85116	0.0075284	1.0323	0	0.023985	0.016128	1.1118
1465	0.00036746	0.19627	0.079325	0.37693	0.0031876	1.8196	0	0.0012216	0.00031319	1.4478
1468.3	0.0025318	0.47505	0.56226	0	0.0027659	0.86047	0	0.0095765	0.0032049	1.6858
1471.7	0.00086	0.28929	0.55254	0	0.029903	1.9842	0	0.010141	0.004955	1.9831
1475	0.00086	0.24195	0.27426	0	0.0077817	1.9766	0	0.003327	0.0054	2.197
1478.4	0.0067811	0.24517	0.057427	0.0029048	0	0.113	0	0.0019443	0.0054146	1.5276
1481.7	0.0019196	0.4825	0.022595	0.13215	0	0.058235	0	0.0029783	0.0064764	0.99208
1485.1	0.0008479	0.24421	0.027889	8.8122e-06	0.0040099	0.030303	0	0.0063328	0.0084473	1.7235
1488.4	7.4237e-05	0.13959	0.0056583	0.031803	0.037743	0.003093	0	0.0059836	0.015795	2.4118
1491.8	0.001687	0.25381	0.0018759	0.16482	0.13281	0.12162	0	0.017304	0.0077754	1.8149
1495.1	0.00097102	0.45755	0.00186	0.021552	0.072605	0.018056	0	0.0030732	0.0021995	1.138
1498.5	0.0023105	1.2796	0.0035554	0	0.12311	0.13325	0	0.0032243	0.014281	1.4242
1501.8	0.0033348	4.3717	0.0022618	0	0.041013	1.2355	0	0.003638	0.04309	2.119
1505.2	0.0030045	5.0411	0.0032374	0	0.0065545	3.7559	0	0.011267	0.037197	2.0722
1508.5	0.0014584	5.0594	0.0072574	0	0.00061697	9.2672	0	0.032903	0.0056676	1.6058
1511.9	0.000196	2.3961	0.0026188	0	0	48.383	0	0.0193	0.014203	1.6214
1515.2	0.00038496	2.282	0.056643	0	0	57.913	0	0.0029939	0.045759	1.6467
1518.6	0.0023692	3.7758	0.20086	0	0	30.241	0	0.0061254	0.079974	1.549
1521.9	0.0040537	3.4808	1.128	0.59451	0	45.866	0	0.017769	0.074873	1.9025
1525.3	0.002657	2.7804	1.651	0.80186	0	56.145	0	0.025775	0.064927	3.0213
1528.6	0.0036184	0.50377	1.1234	0	0	0.10251	0	0.10906	0.079448	2.2692
1532	0.010021	0.64633	1.1888	0	0	0.14299	0	0.099478	0.14124	0.29805
1535.3	0.011572	0.43948	0.13316	0	0	0.61751	0	0.00071071	0.3293	0.87465
1538.7	0.0090715	0.46555	0.031544	0.0025183	0	2.2225	0	0.0099198	0.0576	2.3276
1542	0.0072685	0.23719	0.038541	0.018726	0	2.6624	0	0.02829	0.076989	0.27961
1545.4	0.0056881	0.66245	0.31494	0.0009678	0	0.92088	0	0.0032259	0.050859	1.0481
1548.7	0.00058534	0.63962	1.5668	0.0019038	0.05993	2.004	0	0.032165	0.037461	0.17372
1552.1	0	0.75376	4.8423	0.055101	0.030939	0.17158	0	0.048286	0.05398	1.1611
1555.4	0.00057792	0.79544	0.73694	0.32842	0.12193	0.025836	0	0.031714	0.03047	1.8143
1558.8	0.020408	0.67346	3.7573	0.28702	0.016853	0.00014682	0	0.042133	0.046611	2.3308
1562.1	0	0.64929	1.7531	0.097212	0.025277	0.00017942	0	0.014143	0.040902	2.0679
1565.5	0	0.58164	0.63892	1.7464	0.060694	0.18799	0	0.051024	0.093156	1.8245
1568.8	0.0050943	0.32467	0.019261	0.79585	0.016224	1.6188	0	0.0049495	0.017217	2.0292
1572.2	0.004379	0.4473	0.15247	0.37247	0.01559	1.839	0	0.019255	0.020758	2.1915
1575.5	0.0015122	0.45478	0.45609	0.077631	0.0077718	1.9499	0	0.065424	0.0216	2.227
1578.9	0	0.26411	1.027	0	0.26635	0.97027	0	0.039604	0.013928	2.352
1582.2	0	0.079127	3.578	0	0.069542	0.097262	0	0.065959	0.014969	1.913
1585.6	0.0018087	0.016608	2.1199	0	0.070141	0.02183	0	0.03182	0.0088699	1.1305
1588.9	0.0013867	0.022694	1.1153	0.010869	0.11863	0.018776	0	0.0030032	0.014797	1.0072
1592.3	1.5245e-05	0.034347	1.5553	0.01466	0.077468	0.11499	0	0.0054323	0.048899	1.0834
1595.6	0.002676	0.03186	1.7284	0	0.013443	0.16137	0	0.006412	0.063192	1.0607
1599	0.002681	0.042463	0.59108	0	0.042455	0.094874	0	0.00097371	0.043081	0.90917
1602.3	0.00044	0.15606	0.18957	0.046322	1.1556	0.10851	0	0.0057598	0.030876	1.0155
1605.7	0.0014096	0.49885	0.049564	0.072839	9.6517	0.15669	0	0.0091071	0.044263	1.6244
1609	0.002976	0.93637	0.011746	0.018115	13.215	0.22946	0	0.010233	0.13509	1.8327
1612.4	0.0022443	2.4862	0.0017755	0.17705	1.9635	0.18947	0	0.019027	0.25902	1.6845
1615.7	0.0018386	4.6411	0	2.2358	0.017218	0.087799	0	0.030603	0.0073344	1.6756
1619.1	0.0023741	6.2177	0	11.78	0.0014174	11.917	0	0.028373	0.0020465	2.3852
1622.4	0.00066048	6.9491	0	2.4724	0.21017	61.756	0	0.0086689	0.010752	2.7119
1625.8	0.00055202	4.6591	0.00041939	0	1.4342	53.262	0	0.06357	0	1.8959
1629.1	0.0039315	4.1174	0.0019161	0	0.22368	63.125	0	0.094585	0	1.6066
1632.5	0.01032	3.4149	0.001745	0.0022354	0.49302	37.486	0	0.19005	0.013971	0.72276
1635.8	0.01032	1.5665	1.2152e-05	0.11957	0.42019	32.511	0	0.20938	0.025637	0.17987
1639.2	0.003456	1.0543	0.0018523	0.46548	0	0.46992	0	0.097453	0.039988	0.42847
1642.5	0.0085848	0.45528	7.9922e-05	0.020084	0	0.2024	0	0.32992	0.088003	0.6313
1645.9	0.014285	1.7916	0.005181	0	0.025138	0.11094	0	0.29925	1.088	0.80628
1649.2	0.027635	0.21941	0.023714	0.039453	0.3088	0.0078017	0	0.13408	0.25004	0.93499
1652.6	0.026823	0.012984	0.024906	4.8856	1.8918	0.11586	0	0.021693	0.073796	1.0874
1655.9	0.015801	0.012957	0.0096424	7.4462	0.38919	0.07359	0	0.031369	0.10766	1.229
1659.2	0.01783	0.01051	0.0040874	3.0509	0.21495	0.11482	0	0.049426	0.22474	0.84507
1662.6	0.0083527	0.0072246	0.0025301	0.27027	0.24844	0.057063	0	0.11633	0.15811	0.24152
1666	0.003315	0.017171	0.00039624	0.066421	0.35324	0.060793	0	0.054596	0.049382	0.22578
1669.3	0.0021387	0.013566	0	0.096582	0.16066	0.25443	0	0.026795	0.024634	0.22981
1672.7	0.0052225	0.0063856	0.0021381	0.63988	0.0016901	0.46248	0	0.092695	0.041827	0.25711
1676	0.018059	0.0078785	0.00186	0.51933	0.24706	0.39755	0	0.28125	0.0449	0.36477
1679.4	0.022687	0.0096186	0	0	0.31414	0.17229	0	0.72386	0.044657	0.4325
1682.7	0.031016	0.010536	0.0018705	0	0.027717	0.059307	0	0.76705	0.057321	0.35352
1686.1	0.045486	0.023888	0.011243	0.32922	0.013988	0.091482	0	0.46724	0.053489	0.1646
1689.4	0.049274	0.365	0.035224	1.0096	0.02986	0.24671	0	1.8882	0.17303	0.16534
1692.8	0.054033	0.92395	0.12315	0.29053	1.3811	0.24671	0	3.4841	0.41004	0.207
1696.1	0.018967	0.18067	0.42035	0.017416	6.5294	0.29255	0	0.83056	0.031909	0.20723
1699.5	0.010471	0.20171	0.78219	0.090699	0.23599	0.4846	0	0.48466	0.026012	0.21565
1702.8	0.014589	0.14899	1.2738	0.00068249	0.19417	0.22461	0	1.1252	0.035339	0.35496
1706.2	0.010862	0.14125	1.3527	0.1015	0.12006	0.98843	0	1.3214	0.048869	0.18809
1709.5	0	0.055441	0.32654	5.9129	0.024774	0.019974	0	0.29034	0.020277	0.19725
1712.9	0	0.099041	0.11568	7.6559	0.15956	0.18961	0	0.69442	6.0651e-05	0.13626
1716.2	0	0.1342	0.71888	1.6674	0.058741	0.49213	0	1.8779	0.019657	0.18282
1719.6	0	0.078699	0.47525	0.029721	0.061075	0.32234	0	0.082582	0.035621	0.15047
1722.9	0	0.063723	0.46868	0.093463	0.16568	0.64088	0	0.11007	0.012676	0.12006
1726.2	0.00039939	0.10271	1.2356	0.097461	0.065303	3.6662	0	0.16531	0.020425	0.13712
1729.6	2.1381e-05	0.14896	1.002	0.9931	0.11508	0.42653	0	2.7647	0.58374	0.15799
1733	0.0063536	0.029045	0.34953	0.69321	6.6276	0.24671	0	0.7653	0.12527	0.16957
1736.3	0.0010936	0.055879	0.68678	0.052922	1.3196	0.46001	0	1.5609	0.24141	0.23618
1739.7	0.00081628	0.13285	0.34339	1e-06	0.2141	0.34619	0	1.0575	0.21928	0.22392
1743	0.0008385	0.17461	0	1e-06	0.16064	0.60909	0	1.775	0.063903	0.17875
1746.4	0.0058873	0.32343	0.0023433	0.73605	0.045934	0.37824	0	1.5726	0.021266	0.172
1749.7	0.0054268	0.16357	0.0014902	0.77736	0.10348	0.10055	0	1.2476	0.27599	0.4755
1753.1	0.00088736	0.0034236	0.001732	0.17465	0.12298	0.34991	0	1.4184	0.3241	0.52687
1756.4	0.00078	0.0021506	0.011981	0.0097769	0.05888	0.47497	0	1.1603	0.064718	0.21231
1759.8	0.004467	0.0006479	0.025816	0.080706	0.10557	0.38444	0	1.4785	0.078911	0.18123
1763.1	0.00081613	0.008015	0.014635	0.026712	0.1322	1.7352	0	0.9872	0.1007	0.21456
1766.5	0.0018087	0.01273	0	3.9168e-07	0.092325	3.6737	0	1.1539	0.022153	0.28723
1769.8	0.00045255	0.0022146	0	0	0.17507	1.7969	0	0.75384	0.12448	0.32679
1773.2	0.0020629	0.0037052	0	0.062503	0.10923	9.8153	0	2.3548	0.30254	0.38239
1776.5	0	0	0	0.33848	0.023686	45.648	0	1.5757	0.045908	0.36097
1779.9	0	0	0.00097497	0.32561	0.014309	22.912	0	1.3174	0.069733	0.37153
1783.2	0	0	0.008503	0.20256	0.050872	20.601	0	1.841	0.088192	0.38977
1786.6	0	0	0.16668	0.0019726	0.1271	26.843	0	2.4842	0.16706	1.1569
1789.9	0	0	1.6671	0.076891	0.085099	18.357	0	1.9265	0.11048	1.1056
1793.2	0	0	5.6906	0.22613	7.4207e-05	1.0143	0	0.19209	0.0092246	1.3454
1796.6	0	0	33.21	0.0064036	0.0064226	0.017832	0	0.21855	0.036991	1.527
1800	0	0	13.038	0	5.4452e-06	0.061139	0	0.67748	0.031205	1.4561
1803.3	0	0	3.4595	0.38904	0.0101	0.061183	0	0.55458	0.22636	1.501
1806.7	0	0	1.3959	0.015944	0.016421	0.073383	0	0.7729	0.11311	1.505
1810	0	0	2.0655	0.19718	0.0025811	0.36213	0	0.83023	0.12323	1.5334
1813.4	0	0	2.4736	0.028159	0	0.33227	0	1.5211	0.16966	1.8679
1816.7	0	0	3.4535	0	0.0036994	0.36403	0	3.2293	0.22152	1.8095
1820.1	0	0	4.9802	0.012601	0.0051314	0.32251	0	3.1746	0.2379	1.4621
1823.4	0	0	5.0325	0.050222	0.00072379	0.098043	0	1.2671	0.28847	1.5118
1826.8	0	0	5.123	0.021215	0.0051531	0.061183	0	1.9719	0.40672	1.6641
1830.1	0	0	3.3603	0	0.0038206	0.20916	0	1.6028	0.35299	1.6092
1833.5	0	0	0.41805	0	0.0048653	0.31471	0	1.082	0.39283	1.5015
1836.8	0	0	0.0027037	0	0.019454	1.7034	0	1.9094	0.47883	1.4075
1840.2	0	0	0	0	0.033354	7.2048	0	1.9789	0.51473	1.1113
1843.5	0	0	0.0014713	0	0.040917	9.8013	0	1.7249	0.63655	0.82032
1846.9	0	0	0.0045955	0	0.042935	10.494	0	1.8535	0.45913	0.77008
1850.2	0	0	0.0070004	0	0.058418	16.388	0	0.85705	0.39186	0.8437
1853.6	0.017217	0	0.29542	0	0.082541	19.195	0	0.30121	0.4622	1.1875
1856.9	0.17325	0	4.7088	0.034483	0.17387	13.775	0	0.58199	1.0311	0.58506
1860.2	0.015154	0.00020306	7.7322	0.41678	0.0080245	0.040426	0	0.64285	1.2643	1.7074
1863.6	0	0.0099073	12.656	0.67312	0.0058564	0.13688	0	0.80209	0.49624	1.8381
1867	0	0.0022552	7.72	0.23543	2.5734e-06	3.978	0	0.88029	0.25067	1.2833
1870.3	0.0001414	0.000111	2.6565	0.22526	0	13.089	0	0.13785	0.1266	2.1027
1873.7	0.0086292	0.0067742	0.69065	0.10351	0	5.5483	0	0.044104	0.25276	1.1866
1877	0	0.001467	0.19524	0.04	0	11.953	0	0.18741	0.1068	1.192
1880.4	0	4.7861e-05	0.34992	0.014019	0	11.399	0	1.002	0.41979	1.0321
1883.7	0	0	2.8508	0.024749	0	9.0194	0	1.7854	0.65297	0.78813
1887.1	0	0	1.6363	0.048328	0	5.4731	0	0.81322	0.47014	0.74555
1890.4	0	0	1.0421	0.084337	0	4.0677	0	0.14834	0.24877	0.88809
1893.8	0	0	1.6238	0.18462	0.00068081	6.4469	0	0.21885	0.22969	0.93367
1897.1	0	0	0.88324	0.11816	0.00019146	1.6798	0	0.36709	0.34055	0.7427
1900.5	0	0	0.68149	1.1299	0.019412	0.052475	0	0.21985	0.38447	0.79854
1903.8	0	0	0.59137	1.1867	0.026843	0.67012	0	0.23538	0.49474	0.45816
1907.2	0.0010868	0	0.388	0.48331	0.039658	3.5084	0	0.4402	1.4294	0.31219
1910.5	0.0058669	0	0.2558	0.11261	0.08072	8.632	0	0.59016	3.303	0.56001
1913.9	0.014006	0	0.61533	0.060722	0.078978	17.207	0	0.50483	2.5914	0.75476
1917.2	0.025456	0	1.5597	0.036976	0.037418	20.433	0	0.54361	0.39996	0.96789
1920.6	0.022737	0	1.7747	0.007587	0.0045297	8.6794	0	0.71574	0.022284	0.99715
1923.9	0.0045698	0	1.4244	0.075537	0.00040167	0.6232	0	0.29305	0.17247	0.71783
1927.2	0.00023839	0	0.0014639	0.2299	0.0076756	0.25454	0	0.17621	0.57767	0.55949
1930.6	0.016021	0	0.07417	0.025929	0.034584	0.26246	0	0.44776	0.065224	0.48
1934	0.02063	0	0.066113	0.0055375	0.038513	0.61544	0	0.26453	0.12124	0.48
1937.3	0.026905	0	0.051618	0	0.047342	1.2509	0	0.091843	0.1584	0.47751
1940.7	0.041836	0	0.029329	0	0.12317	2.2041	0	0.053458	0.084988	0.39734
1944	0.03784	0	0.02082	0	0.0050257	2.5391	0	0.10611	0.165	0.526
1947.4	0.063328	0	0.052557	0	0.015965	2.998	0	0.13604	0.39484	0.64053
1950.7	0.011189	0	0.097089	0	0.078327	2.998	0	0.16518	0.69745	0.57509
1954.1	0.017198	0	0.14455	0.13425	0	0.022645	18.946	0.18054	0.55016	0.58848
1957.4	0.013969	0	0.041154	0.13322	0	0.038637	64.285	0.21499	0.65878	0.79883
1960.8	0.086265	0	0.0002884	0.18692	0	0.045153	411.59	0.2515	0.81215	1.1338
1964.1	0.020312	0	0.0032398	0.051573	0	2.1802	278.94	0.63242	0.33674	1.0397
1967.5	0.012672	0	0.00032925	0.3969	0	26.618	17.999	0.29502	0.49663	0.9149
1970.8	0.0064947	0	0	0.13549	0	37.541	0.25144	0.25314	0.53638	0.84676
1974.2	0.011304	0	0	0.0036425	0	44.076	0	0.59145	0.58051	0.81256
1977.5	0.0087669	0	0.0005378	0	0	57.804	0	0.40266	0.68374	0.8435
1980.9	0.0059459	0	0.0019106	0	0	65.703	0	0.28262	0.56521	0.63914
1984.2	0.0021717	0	0.010229	0.27985	0	59.212	0	0.46493	0.57676	0.38453
1987.6	0	0	0.39449	0.25596	0	64.124	0	0.86769	0.55501	0.25853
1990.9	0.0052088	0.0050242	1.5098	0.30771	0.0046929	68.55	0	0.79586	0.28943	0.22816
1994.2	0.024278	0.023417	2.47	1.2622	0.024502	49.346	0	0.1554	0.051738	0.24237
1997.6	0.02182	0.021047	2.0253	1.1278	0.037442	39.236	0	0.08173	0.15266	0.34494
2001	8.5747e-06	8.2707e-06	0.064107	0.00044319	0.046596	33.865	0	0.53743	0.61082	0.6019
2004.3	0.0038792	0	2.2443	0	0.06568	22.225	0	0.94506	0.31562	0.5489
2007.7	0	0	0.51495	0.015104	0.07719	15.237	1.6442	0.8785	0.22039	0.76792
2011	0	0	1.2921	0.10576	0.091188	5.8896	25.907	1.3793	0.3	0.82304
2014.4	0.00016193	0	1.8523	0.0090852	0.10039	0.13451	40.818	1.2483	0.10607	0.77484
2017.7	0.003951	0	4.5684	0.49498	0.10119	0.046344	20.232	1.5066	0.66198	0.63412
2021.1	3.5435e-06	0	0.85128	1.1848	0	0	6.9244	2.9891	0.49703	0.82779
2024.4	0.0043	0	2.6685	2.8923	0	0.00074326	55.549	0.71331	0.25021	0.57848
2027.8	0.0051359	0	1.7978	0.102	0	0.014366	1.1302	0.74486	0.30324	0.75193
2031.1	0.016883	0	1.5008	1.0069	0	0.0013083	17.012	0.22146	0.86252	0.57179
2034.5	0.016492	0.0015678	0.98198	0.57257	0	0	1.6466	0.23864	0.84382	0.52762
2037.8	0.073107	2.1914e-05	1.61	0.08681	0	0	0	2.7532	0.70459	0.43579
2041.2	0.034603	0	1.9099	0.42512	0	0.067586	26.112	1.1792	0.53616	0.35363
2044.5	0.060207	0	1.0387	0.24153	0.47474	0.0056651	11.989	1.3469	0.59893	0.24866
2047.9	0.069563	0	2.3487	0.37901	0.57182	0.00485	10.51	0.50272	0.68675	0.25144
2051.2	0.027199	0	2.5026	0.45751	0.60614	0.001064	9.7394	0.70043	0.88504	0.26485
2054.6	0.034241	0	1.6133	0.69361	0.31749	0.0042892	36.359	0.23591	0.27825	0.34125
2057.9	0.064852	0	0.4635	0.72717	0.38505	0.0027152	41.268	0.43313	0.085248	0.34685
2061.2	0.089968	0	0.18982	0.69174	0.19156	0.092173	17.826	0.54229	0.2568	0.29816
2064.6	0.095898	0	0.099334	0.72898	0.0006494	0.2282	8.4677	0.40781	0.23113	0.40103
2068	0.11147	0	0.042831	0.81699	0.00017957	0.21335	7.7606	0.47286	0.10718	0.43536
2071.3	0.16233	0	0.025499	1.1191	0.044027	0.099867	6.1572	0.40619	0.045389	0.38619
2074.7	0.17643	0	0.01228	1.3332	0.14568	0.018927	2.8865	0.28146	0.041764	0.53806
2078	0.14062	0	0.0062644	0.79561	0.28289	0	1.8085	0.44564	0.062667	0.65573
2081.4	0.10871	0	0.010557	0.38834	0.53723	0.016203	3.3192	0.25956	0.061424	0.56013
2084.7	0.15068	0.00052412	0.025683	0.32264	0.42723	0.052744	6.0252	0.20113	0.124	0.53869
2088.1	0.21741	0.0031519	0.14947	0.29624	0.20369	0.0034283	7.9193	0.21224	0.075265	0.85943
2091.4	0.085933	0	0.064218	0.26384	0.064372	0.034722	9.7629	0.015897	0.087596	0.74417
2094.8	0.052548	0	0.044287	0.12622	0.032341	0.057466	13.255	0.083228	0.095256	0.4945
2098.1	0.032624	0	0.064514	0.14985	0.0021908	0.0052333	5.1319	0.080974	0.028308	0.61402
2101.5	0.072648	0	0.092959	0.24397	0	0.04535	3.6074	0.081448	0.054721	0.52362
2104.8	0.034687	0	0.052566	0.19191	0	0.030702	6.3286	0.11179	0.15321	0.47236
2108.2	0.11291	0.35097	0.085953	0.13492	0.0064277	0.060133	2.3637	0.19297	0.18344	0.38829
2111.5	0.050229	0.017836	0.051376	0.4065	0.074877	0.048314	3.4632	0.0262	0.081081	0.36642
2114.9	0.13612	0.0039343	0.082746	1.1523	0.25506	0.0080349	6.1389	0.015183	0.05368	0.39585
2118.2	0.34079	0	0.086458	0.68364	0.077494	0.035028	12.705	0.0070313	0.016586	0.52048
2121.6	0.0943	0	0.083333	0.76144	0.0012798	0.14954	87.562	0.0032852	0.042494	0.31938
2124.9	0.12389	0	0.033054	5.0921	0.15098	0.13573	32.48	0.013587	0.04608	0.38656
2128.2	0.066099	0	0.15536	4.049	0.42435	0.017247	31.796	0.13328	0.2979	0.61301
2131.6	0.02567	0	0.11132	0.63482	0.30965	0.056026	25.776	0.16438	0.20466	0.57712
2135	0.02172	0	0.062137	4.2841	0.37271	0.39725	39.263	0.13973	0.19791	0.39817
2138.3	0.031974	0	0.03991	2.2263	0.85877	0.23048	19.766	0.23237	0.11441	0.56776
2141.7	0.053724	0	0.95787	0.41286	0.44023	0.03657	12.898	0.17244	0.057635	0.79843
2145	0.05003	0	1.7633	0.075024	0.013837	0	118.9	0.042926	0.027577	0.9759
2148.4	0.015034	4.0722e-05	1.6951	0.039234	0.01316	0.001375	345.74	0.015539	0.0074164	1.0389
2151.7	0.007363	0.0026	0.12172	0.040959	0.13009	0.094312	375.98	0.031232	0.043978	0.66105
2155.1	0.018932	0.0035054	0.036724	0.13627	0.13834	0.30006	431.72	0.028973	0.0512	0.60662
2158.4	0.02292	0.0018182	0.052752	0.30725	0.048775	0.30524	926.16	0.019432	0.042442	0.59701
2161.8	0.032363	0.010207	0.03438	0.12761	0.088972	0.056881	1337.1	0.011203	0.10178	0.57816
2165.1	0.032624	0.020629	0.082705	0.13986	0.44971	0.16767	135.86	0.034642	0.047031	0.48626
2168.5	0.05512	0.018202	0.04667	0.19528	0.5067	0.031494	58.528	0.050791	0.05843	0.46398
2171.8	0.0497	0.024608	0.043048	0.064029	0.56932	0.05611	75.663	0.057173	0.046595	0.90528
2175.2	0.043312	0.025696	0.061177	0.06238	0.5697	0.07138	86.196	0.0097682	0.0099397	0.71864
2178.5	0.046822	0.11645	0.023774	0.02654	0.65469	0.071935	162.36	0.20642	0.15995	1.2624
2181.9	0.017367	0.1371	0.0094833	8.0093e-05	0.71721	0.090875	145.27	0.066415	0.025779	0.47017
2185.2	0.023944	0.88784	0.0075135	0	0.37162	0.11152	68.174	0.10735	0.11451	0.94086
2188.6	0.031546	1.4977	0.016823	0	0.023728	0.081671	2.3186	0.13892	0.18357	0.57016
2191.9	0.043102	0.57305	0.023481	0	0.055003	0.45814	2.7739	0.04017	0.019096	0.5684
2195.2	0.0047464	0.087911	0.01511	0	0.041824	0.39283	15.519	0.0021278	0.00072922	0.29283
2198.6	0.012126	0.089389	0.00071719	0	0.030287	0.17689	9.5246	0.0046272	0.0033734	0.4941
2202	0.025466	0.12223	0.00075796	0	0.02087	0.25793	0.94042	0.0087972	0.0073629	0.56597
2205.3	0.022777	0.12829	0.0014756	0.35736	0.070846	0.37371	0	0.020102	0.0059989	0.39276
2208.7	0.022326	0.12991	0.00092568	0.24845	0.05288	0.49153	0	0.015506	0.0030497	0.18973
2212	0.01751	0.094387	0.001092	0	0.015059	0.40675	0	0.0047891	0.0018889	0.20513
2215.4	0.019163	0.04324	0.0015189	0	0.054295	0.45916	0	0.0054422	0.0040677	0.46481
2218.7	0.043305	0.038501	0.0016464	2.3347	1.0923	1.239	0	0.0051384	0.0036018	0.53008
2222.1	0.040601	0.034475	0.0034253	1.9153	0.90296	1.9915	0	0.0044231	0.0045787	0.47831
2225.4	0.049917	0.032256	0.023356	0.027018	0.031135	5.3237	0	0.004401	0.0045391	0.47526
2228.8	0.048845	0.087638	0.16503	0.0047246	0	8.0316	0	0.0049977	0.0014722	0.49871
2232.1	0.0090331	0.11403	1.5317	0.0026272	0	6.8273	0	0.0040798	0.00098509	0.54135
2235.5	0.0077396	0.073107	3.2993	0.02415	0	7.7473	0	0.0013157	0.00031892	0.59624
2238.8	0.003799	0.10018	1.9847	0.038317	0	9.3	0	0.003629	6.8052e-05	0.65641
2242.2	0.0010108	0.048785	1.8289	0.02298	0.0026495	5.5363	0	0.00031269	0.00097932	0.71493
2245.5	0.00045413	0.032094	2.8014	0.011152	0.012901	4.9041	0	0.0015531	0.0017111	0.76483
2248.9	0.0021822	0.011069	2.2544	0	0.0077737	2.1562	0	0.001467	0.00066977	0.79917
2252.2	0.010735	0.010438	0.97503	0	0.0062447	0.30942	0	0.0014885	0.0011924	0.80322
2255.6	0.00081804	0.0061278	1.233	0	0.0017021	0.57099	0	0.0055364	0.00060983	0.1965
2258.9	0.024245	0.0055602	0.29946	0	0.032977	0.38276	0	0.014952	0.00089124	0.20158
2262.2	0.049436	0.0047067	0.14983	0	0.021206	0.5448	0	0.025766	0.0011865	0.34071
2265.6	0.0055976	0.0034868	0.034239	0	0.011207	0.045153	0	0.0094679	3.36e-05	0.31887
2269	0.019156	0.0066244	0.005633	0.036398	0.46216	0.090682	0	0.0037729	0.0005893	0.34257
2272.3	0.032868	0.0046152	0.0040853	0.58259	0.081218	0.15565	0	0.010687	0.0012999	0.49707
2275.7	0.051474	0.0010953	0.0014954	0.41584	0.0011826	0.99504	0	0.021209	0.0022889	0.40195
2279	0.0071457	0.00057432	0.00010287	0.31385	0.031464	1.6324	0	0.0042921	0.0002496	0.38508
2282.4	0.0059654	3.575e-05	0.0032718	0.12308	0.081931	1.0742	0	0.0015855	0	0.16866
2285.7	0.0027815	0	0.00092337	0.157	0.039952	0.22395	0	0.0018397	0	0.16955
2289.1	0.0013363	0	0.025534	1.209	0.043187	0.091774	0	0.0018343	0.00038104	0.3256
2292.4	0.0088627	0	0.011785	0.56419	0.13328	0.21071	0	0.00093797	0.0010551	0.38483
2295.8	0.010989	0	0	0.025892	0.085694	0.1799	3.8224	0.00082141	0.00045139	0.35042
2299.1	0.015395	0	0.0089972	0.017043	0.038182	0.12237	2.834	0.14939	0.060143	0.35176
2302.5	0.018131	0	0.0094399	0.0502	0.026823	0.077902	151.82	0.060726	0.02506	0.33797
2305.8	0.015098	0.00030324	0.0059598	0.49461	0.0057837	0.015017	160.74	0.01074	0.0037384	0.2969
2309.2	0.011682	0.0010561	0.0040924	6.1201	0.00095238	0.10323	102.01	0.009868	0.0023769	0.26667
2312.5	0.0099071	0.0010028	0.0033956	11.206	0.0049903	0.61326	32.433	0.015464	0.00057762	0.26224
2315.9	0.0094475	0	0.0039255	7.7857	0.019868	0.67328	0.64122	0.027379	7.6173e-05	0.26332
2319.2	0.003995	0	0.0004299	23.522	0.051804	0.01483	1.041	0.023347	0.00099899	0.20871
2322.6	0.0045556	0.00017333	0.00032016	1.8031	0	0.046029	0.59699	0.051453	0.0016407	0.32404
2325.9	0.0089213	0.0065497	0.00073084	0.75544	0.020192	0.49178	0.070196	0.10408	0	0.31415
2329.2	0.011498	0.018443	0.00053693	2.6867	0.15578	0.23348	1.1664	0.055318	4.7222e-05	0.18813
2332.6	0.0062901	1.8103e-06	0.00016485	1.4988	0.10287	0.1178	4.1093	0.35547	0.0022542	0.17093
2336	0.019282	8.3784e-05	9.4323e-05	0.65404	0.066089	0.030622	6.2153	0.23607	1.1156e-06	0.20034
2339.3	0.023544	0.0060807	0	0.005619	0.14034	0.30248	1.2241	0.19072	0.001194	0.23183
2342.7	0.020642	0.00037471	0	0.34292	0.13064	0.096406	0.013696	0.084162	0.00066328	0.22798
2346	0.016588	4.3e-05	9.3e-05	0.055	0.063324	0.12237	0.444	0.013236	0	0.21095
2349.4	0.014314	4.3e-05	0.00058298	0.042822	0.0028367	0.10186	0.23768	0.010588	0	0.15893
2352.7	0.011708	0.00095279	0.0023915	0.072148	0	0.10391	0.35147	0.015609	0	0.28174
2356.1	0.013468	0.00048323	0.0031703	0.09447	0	0.062511	0	0.010179	0.0003038	0.30965
2359.4	0.014953	7.4782e-05	0.0037135	0.1623	0	0.10906	0	0.0055842	0.00048697	0.37494
2362.8	0.01512	0	0.0037576	0.19945	0	0.12519	0	0.0055453	0.00083851	0.44574
2366.1	0.014587	0	0.0034751	0.21425	0	0.1259	0	0.0096397	0.0015794	0.5052
2369.5	0.014066	0	0.0031417	0.24253	0	0.12695	0	0.014242	0.0024012	0.45308
2372.8	0.0098016	0.0013977	0.0027669	0.18503	0	0.13748	0	0.021699	0.0054751	0.27372
2376.2	0.0083824	0.0021073	0.0031446	0.039048	0	0.15598	0	0.015045	0.0032631	0.25007
2379.5	0.019831	0.00096291	0.0038153	0.047	0	0.1705	0	0.021849	0.0069	0.26823
2382.9	0.027242	0	0.0022136	0.088509	0	0.17141	0	0.058095	0.0078737	0.23486
2386.2	0.018734	0	0.00015847	0.069127	0	0.16037	0	0.099749	0.0016224	0.18288
2389.6	0.0094804	0	0.000279	0.05251	0	0.25527	0	0.093237	0.0019991	0.15683
2392.9	0.006656	0	0.00037152	0.054557	0	0.3759	0.067133	0.045005	0.0015888	0.12576
2396.2	0.010996	0	0.0007786	0.17446	0	0.077039	0.23872	0.089477	0.0024434	0.10202
2399.6	0.012685	0	0.00091728	0.33933	0	0.073597	0	0.0080218	0.0006624	0.033271
2403	0.015133	0	0.0015173	0.33387	0	0.15039	0	0.035603	0.0012	0.18279
2406.3	0.0057541	0	0.0016418	0.1759	0	0.29552	0	0.0010308	0.0011664	0.11298
2409.7	0.010281	0	0.0032469	0.082933	0.0074679	0.50082	0	0.020504	4.2382e-05	0.15076
2413	0.010889	0	0.001488	0.10965	0.10572	0.045887	0	0.015714	0.0006	0.11593
2416.4	0.0058396	0	0.00067195	1.473	0.065088	0.013295	0.2172	0.00056242	0	0.10231
2419.7	0.0051221	0	0.00146	0.093831	0.059909	0.060398	0.0035589	0.00085425	0	0.24494
2423.1	0.0040985	0	0.0024178	0.068266	0.054968	0.030591	0.27179	0.0012247	0	0.10609
2426.4	0.0016217	0	0.0020686	0.026126	0.045949	0.030591	0.77491	0.013073	0	0.12146
2429.8	0.00095018	0.0017254	0.0035165	0.28716	0.033194	0.057095	0.015725	0.0075744	0	0.13044
2433.1	0.0011868	0.0002272	0.0086597	0.23571	0.11456	0.25028	12.78	0.021801	0.00052254	0.14365
2436.5	0.0016909	0	0.014599	0.16484	0.032289	0.080136	1.2988	0.016121	5.3106e-05	0.24442
2439.8	0.00071648	0	0.012554	0.073611	0.0605	2.8088	0	0.045908	0.0009408	0.25269
2443.2	0.0020207	0	0.009992	0.041364	0.01383	4.1421	0	0.021171	0.00079256	0.25228
2446.5	0.047893	0	0.0038715	0.058457	0	4.1225	0	0.018546	0.00012916	0.25133
2449.9	0.022185	0	0.0019862	0.059438	0	3.5784	0	0.0069104	0	0.24967
2453.2	0.001639	0	0.002528	0.047936	0	1.5708	0	0.10529	0.00024626	0.24708
2456.6	0.0052977	0	0.0026706	0.036162	0.0054689	0.28726	0	0.24393	0.00056909	0.24339
2459.9	0.0071448	0	0.00038395	6.316e-05	0.11776	5.5655	0	0.012448	1.1062e-06	0.23839
2463.2	0.0067438	0	0.00035235	0.05196	0.13017	0.086211	0.40706	0.0095629	0.0026201	0.27699
2466.6	0.0017701	0	0.00030715	0.033065	0.12247	0.18316	2.1395	0.010828	0	0.39817
2470	0.0020471	0	0.00010653	0.035393	0.11668	0.26616	2.1503	0.017744	0	0.17698
2473.3	0.0032274	0.00010922	0.00072497	0.10249	0.091343	0.31961	0	0.005073	0	0.15938
2476.7	0.0038544	0.00038698	0.00088518	0.1777	0.047807	0.26598	0	0.0069894	0	0.14694
2480	0.006192	0	0.00056573	0.28131	0.090597	0	0	0.041102	0	0.1534
2483.4	0.0047285	2.2194e-05	0.00066703	0.18371	0.0024296	0.0033083	0	0.07045	0	0.1315
2486.7	0.0031423	0.0012051	0.00096108	0.095073	0.11053	0.1505	0	0.00934	0	0.16686
2490.1	0.0026696	0.0016969	0.0011238	0.19808	0.032026	0.0097629	5.1886	0.015713	7.125e-07	0.15725
2493.4	0.0033258	0.0001626	0.00053138	0	0	0	5.3095	0.012671	0.0011788	0.12521
2496.8	0.0074017	0.00084384	0.00091975	0	0	0	3.3069	0.0051909	0.0023908	0.1498
2500.1	0.0083269	0	0.00161	0.55415	0.13079	0.26988	0.049181	0.0026494	0	0.12813
2503.5	0.0056463	0	0.0018394	0.24304	0.11672	0.20653	0.5575	0.0062198	0	0.14849
2506.8	0.0028287	0	0.0020389	0.0010772	0.10577	0.1262	0.95284	0.0089966	0	0.16432
2510.2	0.0014056	0	0.0024221	0	0.1095	0.050922	0.29535	0.0080081	0	0.12056
2513.5	0.0011536	0	0.002304	0	0.12418	0.040706	0	0.003144	0	0.11672
2516.9	0.011918	0.00057105	0.0067215	0.0041163	0.12889	0.098733	0	0.0023245	0	0.18301
2520.2	0.043953	0.0001491	0.021873	0.014685	0.122	0.18175	0	0.005346	0	0.12935
2523.6	0.015023	0	0.12818	0.011491	0.092054	0.18398	0	0.0023665	0	0.1383
2526.9	0.075143	0	0.34367	0.0018096	0.031379	0.17073	0	0.0041621	0	0.14437
2530.2	0.047335	0	0.24178	0.0029076	0.042149	1.743	0	0.0035642	0	0.11695
2533.6	0.028246	0	0.06853	0.011056	0.10471	5.9788	0	0.0032223	0	0.12071
2537	0.026289	0	0.037371	0.0069512	0.063656	8.1597	0	0.0021009	0	0.16134
2540.3	0.0023528	0	0.034194	0	0	8.2487	0	0.00011486	0	0.19761
2543.7	0.0018247	0	0.030166	0	0.0046801	6.4143	0	0.00057062	0	0.24025
2547	0.0024992	0	0.043391	0.76869	0.096627	2.5391	0	0.00055111	0	0.21933
2550.4	0.0052074	0	0.084571	2.7317	0.25376	0.12645	0	0.00026357	0	0.11427
2553.7	0.0078243	6.0687e-05	0.021428	1.3376	0.1249	0.15119	0	0.0025243	0	0.13665
2557.1	0.0037859	0.00036496	0.022574	0.20096	0.019317	0.13956	0	0.0045783	0	0.13634
2560.4	0.0013833	0	0.019203	0	0	0	0	0.00058289	0	0.11676
2563.8	0.002304	0	0.17416	0	0.0055763	0.026779	1.2784	0.0048878	0	0.13807
2567.1	0.00695	0	0.4117	0.0019042	0.066515	0.3568	13.844	0.0092548	0	0.10114
2570.5	0.0048554	0	0.3819	0.5727	0.078115	0.44481	8.3079	0.020926	0	0.16488
2573.8	0.031451	0	0.099393	0.18035	0.13588	0.061467	0.049969	0.003623	0	0.0987
2577.2	0.0034807	0	0.11305	0	0.10318	0.28173	0.014355	0.011272	0	0.24532
2580.5	0.0059621	0	0.07236	0	0.073777	0.38135	4.7567	0.015607	0	0.18554
2583.9	0.0044801	0	0.042697	0	0.033224	0.51942	11.204	0.021759	0	0.10428
2587.2	0.0019476	0	0.039903	0	0.11	0.054085	10.428	0.029113	0	0.1216
2590.6	0.0023603	0	0.016169	0	0.082614	0.019404	5.7611	0.010568	0	0.08789
2593.9	0.01626	0	0.012416	0.21443	0.043651	0.037052	0.61306	0.0022186	0	0.087992
2597.2	0.0091768	0	0.017528	0.065769	0.010826	0.1506	0	0.0054404	0.00043343	0.099754
2600.6	0.082874	0	0.022557	0.0029857	0.050531	0.12108	0	0.015797	0.0010859	0.58354
2604	0.044246	0	0.027901	0	0.10055	0.06667	0	0.011343	0.00076905	0.36184
2607.3	0.0031261	0	0.036965	0	0.089465	0.068389	0	0.0018332	0.001334	0.15779
2610.7	0.0016942	0	0.04841	0	0.057612	0.084317	0	0.0012419	0.0015704	0.11899
2614	0.0059411	0	0.061443	0.066148	0.022657	0.067981	0	0.0058387	0.0005516	0.11439
2617.4	0.015826	0	0.10148	0.55772	0.033719	2.0098	0	0.015869	0.00076545	0.1655
2620.7	0.020044	0	0.08721	0.43697	0.048499	4.7237	0	0.015043	0.001101	0.16216
2624.1	0.0081284	0	0.0055723	0	0	4.423	2.4144	0.0010439	0	0.15638
2627.4	0.0029413	0	0.0020099	0	0	3.8916	6.1548	0.0029044	0	0.14957
2630.8	0.0036273	0	0.0021691	0.0048835	0.00089012	5.354	3.4387	0.0084867	0	0.14314
2634.1	0.0019137	7.9671e-06	0.0032826	0.18153	0.027691	5.6579	24.901	0.004707	0	0.13849
2637.5	0.0060835	4.0388e-05	0.0026256	0.55911	0.080543	0.061183	25.063	0.0083153	3.645e-05	0.13795
2640.8	0.0026461	0	0.0014473	0	0.031702	0.061183	0	0.0016952	0.0005376	0.14874
2644.2	0.0045766	0	0.0026177	0	0.011771	0.061024	0	0.012263	8.7e-06	0.10382
2647.5	0.0067015	0	0.0016608	0	0.1135	0.025908	0	0.0082258	0.0011742	0.092639
2650.9	0.0055927	0	0.00089125	0	0.06628	7.8186e-05	0	0.016006	0.00060247	0.19233
2654.2	0.004832	0	9.3012e-05	3.5718	0.10101	0.00048427	0.0030024	0.023739	0.00060211	0.061912
2657.6	0.0064861	0	0.00015801	2.3235	0.12905	0.11366	0.70466	0.036459	0.0010954	0.12806
